3605;17;25;2025-01-03;;
333;115;187;2025-01-03;;
330;23;134;2025-01-03;;
8988;4;17;2025-01-03;;
9590;57;126;2025-01-03;;
9724;0;1;2025-01-03;;
9590;38;0;2025-01-03;;
333;56;0;2025-01-08;;
330;12;0;2025-01-08;;
3605;19;19;2025-01-13;;
333;264;225;2025-01-13;;
330;60;72;2025-01-13;;
8988;19;19;2025-01-13;;
9590;44;82;2025-01-13;;
9724;3;3;2025-01-13;;
3605;20;20;2025-01-20;;
333;306;257;2025-01-20;;
330;90;90;2025-01-20;;
8988;22;22;2025-01-20;;
9590;30;30;2025-01-20;;
9724;1;1;2025-01-20;;
3605;0;0;2025-01-27;;
333;161;225;2025-01-27;;
330;54;54;2025-01-27;;
8988;5;5;2025-01-27;;
9590;90;90;2025-01-27;;
9724;1;1;2025-01-27;;
3605;27;27;2025-02-03;;
333;216;242;2025-02-03;;
330;53;53;2025-02-03;;
8988;6;6;2025-02-03;;
9590;31;31;2025-02-03;;
9724;1;1;2025-02-03;;
330;8;0;2025-02-05;;
3605;22;22;2025-02-10;;
333;174;232;2025-02-10;;
330;46;54;2025-02-10;;
8988;12;12;2025-02-10;;
9590;39;39;2025-02-10;;
9724;1;1;2025-02-10;;
3605;15;15;2025-02-17;;
333;186;233;2025-02-17;;
330;49;49;2025-02-17;;
8988;9;9;2025-02-17;;
9590;57;57;2025-02-17;;
9724;1;1;2025-02-17;;
3605;28;28;2025-02-24;;
333;76;49;2025-02-24;;
330;102;102;2025-02-24;;
8988;21;21;2025-02-24;;
9590;38;38;2025-02-24;;
9724;2;2;2025-02-24;;
9590;87;0;2025-02-26;;
3605;0;0;2025-03-05;;
333;0;0;2025-03-05;;
330;42;0;2025-03-05;;
8988;5;0;2025-03-05;;
9590;0;0;2025-03-05;;
9724;0;0;2025-03-05;;
3605;28;28;2025-03-10;;
333;230;337;2025-03-10;;
330;12;54;2025-03-10;;
8988;10;15;2025-03-10;;
9590;78;165;2025-03-10;;
9724;1;1;2025-03-10;;
333;8;0;2025-03-12;;
330;49;0;2025-03-12;;
1760;7;0;2025-01-03;;
6634;6;0;2025-01-03;;
9819;64;0;2025-01-03;;
9873;44;0;2025-01-03;;
9924;33;0;2025-01-03;;
9926;23;0;2025-01-03;;
9981;8;0;2025-01-03;;
9982;5;0;2025-01-03;;
1760;13;8;2025-01-08;;
6634;15;8;2025-01-08;;
9819;107;96;2025-01-08;;
9873;46;65;2025-01-08;;
9924;56;40;2025-01-08;;
9926;70;30;2025-01-08;;
9981;9;12;2025-01-08;;
9982;6;5;2025-01-08;;
1760;19;13;2025-01-15;;
6634;20;7;2025-01-15;;
9819;102;65;2025-01-15;;
9873;65;41;2025-01-15;;
9924;66;41;2025-01-15;;
9926;57;23;2025-01-15;;
9981;10;10;2025-01-15;;
9982;0;6;2025-01-15;;
1760;28;19;2025-01-22;;
6634;15;15;2025-01-22;;
9819;34;90;2025-01-22;;
9873;92;78;2025-01-22;;
9924;33;53;2025-01-22;;
9926;49;70;2025-01-22;;
9981;23;11;2025-01-22;;
9982;5;0;2025-01-22;;
1760;15;26;2025-01-29;;
6634;0;20;2025-01-29;;
9819;81;88;2025-01-29;;
9873;85;66;2025-01-29;;
9924;51;66;2025-01-29;;
9926;39;53;2025-01-29;;
9981;12;12;2025-01-29;;
9982;0;5;2025-01-29;;
1760;11;15;2025-02-05;;
6634;9;0;2025-02-05;;
9819;67;67;2025-02-05;;
9873;57;59;2025-02-05;;
9924;40;33;2025-02-05;;
9926;12;37;2025-02-05;;
9981;11;13;2025-02-05;;
9982;5;0;2025-02-05;;
1760;55;12;2025-02-12;;
6634;16;13;2025-02-12;;
9819;135;81;2025-02-12;;
9873;17;83;2025-02-12;;
9924;63;32;2025-02-12;;
9926;53;42;2025-02-12;;
9981;11;12;2025-02-12;;
9982;5;5;2025-02-12;;
1760;5;24;2025-02-26;;
6634;17;9;2025-02-26;;
9819;61;92;2025-02-26;;
9873;68;66;2025-02-26;;
9924;30;30;2025-02-26;;
9926;31;26;2025-02-26;;
9981;26;11;2025-02-26;;
9982;0;0;2025-02-26;;
1760;0;20;2025-03-05;;
6634;0;18;2025-03-05;;
9819;76;110;2025-03-05;;
9873;68;79;2025-03-05;;
9924;39;30;2025-03-05;;
9926;54;53;2025-03-05;;
9981;0;16;2025-03-05;;
9982;4;0;2025-03-05;;
1760;10;0;2025-03-12;;
9819;62;82;2025-03-12;;
9873;63;68;2025-03-12;;
9924;41;24;2025-03-12;;
9926;27;30;2025-03-12;;
9981;0;4;2025-03-12;;
9982;3;0;2025-03-12;;
8277;0;25;2025-01-02;;
6894;38;0;2025-01-02;;
9825;74;0;2025-01-02;;
9853;34;0;2025-01-02;;
8277;161;413;2025-01-06;;
6601;20;117;2025-01-06;;
6894;65;43;2025-01-06;;
9825;60;150;2025-01-06;;
9853;47;109;2025-01-06;;
8322;0;8;2025-01-06;;0
8277;40;0;2025-01-08;;
6601;120;0;2025-01-08;;
6894;111;0;2025-01-08;;
9825;43;0;2025-01-08;;
9853;39;0;2025-01-08;;
8277;542;352;2025-01-13;;
6601;18;124;2025-01-13;;
6894;97;176;2025-01-13;;
9825;98;51;2025-01-13;;
9853;48;0;2025-01-13;;
8277;13;0;2025-01-15;;
6601;61;0;2025-01-15;;
6894;58;0;2025-01-15;;
9825;77;0;2025-01-15;;
9853;48;0;2025-01-15;;
8277;667;586;2025-01-20;;
6601;53;118;2025-01-20;;
6894;68;155;2025-01-20;;
9825;97;200;2025-01-20;;
9853;70;109;2025-01-20;;
8322;1;0;2025-01-20;;
6601;48;0;2025-01-22;;
6894;48;0;2025-01-22;;
9825;83;0;2025-01-22;;
9853;53;0;2025-01-22;;
8277;343;379;2025-01-27;;
6601;22;44;2025-01-27;;
6894;10;116;2025-01-27;;
9825;51;0;2025-01-27;;
9853;50;0;2025-01-27;;
8322;0;1;2025-01-27;;
6601;56;0;2025-01-29;;
6894;75;0;2025-01-29;;
9825;54;0;2025-01-29;;
9853;50;0;2025-01-29;;
8277;428;495;2025-02-03;;
6601;36;200;2025-02-03;;
6894;71;97;2025-02-03;;
9825;51;150;2025-02-03;;
9853;48;198;2025-02-03;;
8322;4;0;2025-02-03;;
6601;71;0;2025-02-05;;
6894;82;0;2025-02-05;;
9825;39;0;2025-02-05;;
9853;50;0;2025-02-05;;
8322;8;0;2025-02-05;;
8277;355;246;2025-02-10;;
6601;22;140;2025-02-10;;
6894;35;153;2025-02-10;;
9825;48;185;2025-02-10;;
9853;72;205;2025-02-10;;
8322;0;4;2025-02-10;;
6601;90;0;2025-02-12;;
6894;56;0;2025-02-12;;
9825;50;0;2025-02-12;;
9853;72;0;2025-02-12;;
8277;488;423;2025-02-17;;
6601;33;60;2025-02-17;;
6894;22;91;2025-02-17;;
9825;52;150;2025-02-17;;
9853;51;150;2025-02-17;;
8277;30;0;2025-02-19;;
6601;86;0;2025-02-19;;
6894;79;0;2025-02-19;;
9825;49;0;2025-02-19;;
9853;55;0;2025-02-19;;
8277;356;581;2025-02-24;;
6601;21;120;2025-02-24;;
6894;74;101;2025-02-24;;
9825;65;128;2025-02-24;;
9853;54;0;2025-02-24;;
8322;8;0;2025-02-24;;
8277;30;0;2025-02-26;;
6601;124;0;2025-02-26;;
6894;25;0;2025-02-26;;
9825;57;0;2025-02-26;;
9853;66;0;2025-02-26;;
8277;334;81;2025-02-28;;
6601;0;40;2025-02-28;;
6894;23;81;2025-02-28;;
9825;63;0;2025-02-28;;
9853;57;0;2025-02-28;;
8322;4;8;2025-02-28;;
8277;0;29;2025-03-05;;
6601;33;0;2025-03-05;;
6894;87;0;2025-03-05;;
9825;71;0;2025-03-05;;
9853;66;0;2025-03-05;;
8277;314;377;2025-03-10;;
6601;56;200;2025-03-10;;
6894;35;110;2025-03-10;;
9825;78;45;2025-03-10;;
9853;66;104;2025-03-10;;
8322;2;4;2025-03-10;;
8277;10;12;2025-03-12;;
6601;60;0;2025-03-12;;
6894;40;0;2025-03-12;;
9825;93;0;2025-03-12;;
9853;53;0;2025-03-12;;
8322;2;0;2025-03-12;;
6489;10;10;2025-01-02;;
9868;123;260;2025-01-02;;
6631;3;3;2025-01-02;;
3162;10;10;2025-01-02;;
1763;35;35;2025-01-06;;
9868;165;165;2025-01-06;;
1763;35;35;2025-01-08;;
6489;20;20;2025-01-08;;
9868;154;41;2025-01-08;;
1852;8;8;2025-01-08;;
6631;8;8;2025-01-08;;
3162;5;5;2025-01-08;;
1763;41;41;2025-01-13;;
9868;114;114;2025-01-13;;
1852;10;10;2025-01-13;;
1763;34;34;2025-01-15;;
6489;35;35;2025-01-15;;
9868;140;83;2025-01-15;;
1852;10;10;2025-01-15;;
6631;20;20;2025-01-15;;
3162;9;9;2025-01-15;;
1763;52;52;2025-01-20;;
9868;196;196;2025-01-20;;
1763;33;33;2025-01-22;;
6489;19;19;2025-01-22;;
9868;198;68;2025-01-22;;
6631;14;14;2025-01-22;;
3162;13;13;2025-01-22;;
9868;43;43;2025-01-27;;
1852;16;16;2025-01-27;;
1763;23;23;2025-01-29;;
6489;36;36;2025-01-29;;
9868;109;258;2025-01-29;;
1852;9;9;2025-01-29;;
3162;3;3;2025-01-29;;
1763;23;23;2025-02-03;;
9868;105;105;2025-02-03;;
1763;19;19;2025-02-05;;
9868;152;140;2025-02-05;;
1852;14;14;2025-02-05;;
6631;8;8;2025-02-05;;
3162;6;6;2025-02-05;;
1763;24;24;2025-02-10;;
9868;69;69;2025-02-10;;
1763;25;25;2025-02-12;;
6489;30;30;2025-02-12;;
9868;149;161;2025-02-12;;
1852;11;11;2025-02-12;;
6631;14;14;2025-02-12;;
3162;6;6;2025-02-12;;
9868;93;93;2025-02-17;;
9868;162;183;2025-02-19;;
1852;9;9;2025-02-19;;
6631;9;9;2025-02-19;;
3162;4;4;2025-02-19;;
6489;37;37;2025-02-24;;
9868;54;54;2025-02-24;;
9868;165;276;2025-02-26;;
1852;14;14;2025-02-26;;
6631;4;4;2025-02-26;;
3162;2;2;2025-02-26;;
1763;20;20;2025-02-28;;
9868;29;29;2025-02-28;;
1763;23;23;2025-03-05;;
6489;41;41;2025-03-05;;
9868;203;129;2025-03-05;;
1852;10;10;2025-03-05;;
6631;2;2;2025-03-05;;
3162;3;3;2025-03-05;;
1763;22;22;2025-03-10;;
9868;87;87;2025-03-10;;
1763;27;27;2025-03-12;;
6489;17;17;2025-03-12;;
9868;116;183;2025-03-12;;
1852;13;13;2025-03-12;;
3162;8;8;2025-03-12;;
8936;12;18;2025-01-06;;
8971;20;20;2025-02-17;;
3208;82;152;2025-01-06;;
3606;5;5;2025-01-06;;
6630;2;2;2025-01-06;;
8318;30;30;2025-01-06;;
5010;5;5;2025-01-06;;
3208;119;119;2025-01-13;;
3606;17;17;2025-01-13;;
6630;4;4;2025-01-13;;
8318;30;30;2025-01-13;;
9014;5;5;2025-01-13;;
5010;13;13;2025-01-13;;
3208;137;157;2025-01-20;;
3606;24;24;2025-01-20;;
6630;10;10;2025-01-20;;
8318;6;6;2025-01-20;;
5010;10;10;2025-01-20;;
3208;129;156;2025-01-27;;
8318;12;12;2025-01-27;;
5010;11;11;2025-01-27;;
3208;98;107;2025-02-03;;
3606;27;27;2025-02-03;;
6630;8;8;2025-02-03;;
9014;7;7;2025-02-03;;
5010;12;12;2025-02-03;;
3208;133;133;2025-02-10;;
3606;8;8;2025-02-10;;
8318;15;15;2025-02-10;;
5010;18;18;2025-02-10;;
3208;81;81;2025-02-17;;
3606;22;22;2025-02-17;;
6630;14;14;2025-02-17;;
8318;0;0;2025-02-17;;
9014;6;6;2025-02-17;;
5010;14;14;2025-02-17;;
3208;90;111;2025-02-24;;
3606;9;9;2025-02-24;;
6630;6;6;2025-02-24;;
8318;26;26;2025-02-24;;
9014;0;0;2025-02-24;;
5010;16;16;2025-02-24;;
3208;111;111;2025-02-28;;
3606;6;6;2025-02-28;;
6630;0;0;2025-02-28;;
8318;8;8;2025-02-28;;
9014;0;0;2025-02-28;;
5010;12;12;2025-02-28;;
3208;98;98;2025-03-10;;
3606;21;21;2025-03-10;;
6630;6;6;2025-03-10;;
5010;13;13;2025-03-10;;
5711;45;65;2025-01-06;;
6880;31;51;2025-01-06;;
9984;16;16;2025-01-06;;
1851;32;32;2025-01-06;;
5711;66;66;2025-01-13;;
6880;38;38;2025-01-13;;
9984;12;12;2025-01-13;;
6120;3;3;2025-01-13;;
1851;55;55;2025-01-13;;
5711;75;75;2025-01-20;;
6880;29;29;2025-01-20;;
9984;12;12;2025-01-20;;
6120;2;2;2025-01-20;;
1851;61;61;2025-01-20;;
5711;79;79;2025-01-27;;
6880;22;22;2025-01-27;;
9984;9;9;2025-01-27;;
1851;11;11;2025-01-27;;
5711;51;51;2025-02-03;;
6880;18;18;2025-02-03;;
9984;15;15;2025-02-03;;
1851;53;53;2025-02-03;;
5711;29;29;2025-02-10;;
6880;34;34;2025-02-10;;
9984;13;13;2025-02-10;;
6120;3;3;2025-02-10;;
1851;44;44;2025-02-10;;
5711;44;44;2025-02-17;;
6880;38;38;2025-02-17;;
9984;10;10;2025-02-17;;
1851;37;37;2025-02-17;;
5711;44;64;2025-02-24;;
6880;30;30;2025-02-24;;
9984;13;13;2025-02-24;;
1851;21;21;2025-02-24;;
5711;34;34;2025-02-28;;
6880;21;21;2025-02-28;;
9984;12;12;2025-02-28;;
6120;0;0;2025-02-28;;
1851;30;30;2025-02-28;;
5711;32;32;2025-03-10;;
6880;17;17;2025-03-10;;
9984;0;0;2025-03-10;;
6120;0;0;2025-03-10;;
1851;30;30;2025-03-10;;
6197;2;2;2025-01-06;;
6895;12;12;2025-01-06;;
6197;52;52;2025-01-13;;
6895;18;18;2025-01-13;;
6197;51;51;2025-01-20;;
6895;13;13;2025-01-20;;
6197;38;38;2025-01-27;;
6895;12;12;2025-01-27;;
6895;4;4;2025-02-03;;
6197;39;39;2025-02-10;;
6895;20;20;2025-02-10;;
6197;39;39;2025-02-17;;
6895;12;12;2025-02-17;;
6197;33;33;2025-02-28;;
6895;13;13;2025-02-28;;
7071;91;28;2025-01-02;;
400;18;18;2025-01-06;;
4889;65;35;2025-01-06;;
7071;10;0;2025-01-06;;
7094;85;0;2025-01-06;;
9870;300;81;2025-01-06;;
5480;4;4;2025-01-06;;
9820;35;35;2025-01-06;;
9887;18;18;2025-01-06;;
9992;30;30;2025-01-06;;
3043;74;0;2025-01-06;;
7071;0;36;2025-01-08;;
7094;158;0;2025-01-08;;
9870;302;316;2025-01-08;;
9992;45;45;2025-01-08;;
3043;119;53;2025-01-08;;
9992;18;4;2025-01-11;;
8552;32;10;2025-01-11;;
400;13;13;2025-01-13;;
7094;45;200;2025-01-13;;
9870;90;124;2025-01-13;;
5480;6;6;2025-01-13;;
9820;24;24;2025-01-13;;
9887;31;31;2025-01-13;;
9992;40;40;2025-01-13;;
9986;25;25;2025-01-13;;
8552;17;17;2025-01-13;;
9985;8;8;2025-01-13;;
9998;10;10;2025-01-13;;
5509;4;4;2025-01-13;;
3043;116;0;2025-01-13;;
400;8;8;2025-01-15;;
4889;10;0;2025-01-15;;
7094;193;40;2025-01-15;;
9870;131;0;2025-01-15;;
9820;21;21;2025-01-15;;
9992;51;51;2025-01-15;;
4889;0;40;2025-01-20;;
7094;0;241;2025-01-20;;
9870;135;213;2025-01-20;;
5480;4;4;2025-01-20;;
6637;30;0;2025-01-20;;
9887;32;0;2025-01-20;;
9992;0;14;2025-01-20;;
9986;13;0;2025-01-20;;
8552;6;28;2025-01-20;;
3043;201;150;2025-01-20;;
7071;25;0;2025-01-22;;
7094;57;57;2025-01-22;;
9870;143;43;2025-01-22;;
6637;0;30;2025-01-22;;
9887;0;32;2025-01-22;;
9986;0;13;2025-01-22;;
3043;127;0;2025-01-22;;
400;16;16;2025-01-27;;
4889;125;63;2025-01-27;;
7071;35;156;2025-01-27;;
9870;0;67;2025-01-27;;
5480;4;4;2025-01-27;;
9820;22;22;2025-01-27;;
9986;12;12;2025-01-27;;
8552;22;22;2025-01-27;;
9998;11;11;2025-01-27;;
3043;94;150;2025-01-27;;
400;20;20;2025-01-29;;
4889;0;62;2025-01-29;;
7071;48;0;2025-01-29;;
7094;56;56;2025-01-29;;
9870;89;18;2025-01-29;;
9820;51;51;2025-01-29;;
9992;23;23;2025-01-29;;
7094;30;0;2025-01-31;;
7071;10;78;;;
400;17;17;2025-02-03;;
7071;60;0;2025-02-03;;
9870;0;75;2025-02-03;;
6637;15;15;2025-02-03;;
9820;33;33;2025-02-03;;
9887;52;52;2025-02-03;;
9992;61;61;2025-02-03;;
9986;13;13;2025-02-03;;
8552;5;5;2025-02-03;;
9985;2;2;2025-02-03;;
9998;9;9;2025-02-03;;
5509;6;6;2025-02-03;;
3043;56;150;2025-02-03;;
7071;69;57;2025-02-05;;
7094;90;90;2025-02-05;;
9870;171;137;2025-02-05;;
9992;16;16;2025-02-05;;
3043;43;0;2025-02-05;;
400;10;10;2025-02-10;;
7094;80;80;2025-02-10;;
9870;235;44;2025-02-10;;
5480;8;8;2025-02-10;;
9820;19;19;2025-02-10;;
9887;42;42;2025-02-10;;
9986;12;12;2025-02-10;;
8552;17;17;2025-02-10;;
9985;8;8;2025-02-10;;
3043;43;350;2025-02-10;;
4889;17;0;2025-02-12;;
7094;45;45;2025-02-12;;
9870;15;101;2025-02-12;;
3043;33;0;2025-02-12;;
400;9;9;2025-02-17;;
4889;0;60;2025-02-17;;
7071;0;94;2025-02-17;;
7094;0;30;2025-02-17;;
9870;0;385;2025-02-17;;
9820;18;18;2025-02-17;;
9887;26;26;2025-02-17;;
9992;35;35;2025-02-17;;
9986;4;4;2025-02-17;;
9998;7;7;2025-02-17;;
3043;34;225;2025-02-17;;
4889;25;0;2025-02-19;;
7071;40;0;2025-02-19;;
7094;53;53;2025-02-19;;
9870;161;62;2025-02-19;;
3043;49;0;2025-02-19;;
3043;5;0;2025-02-20;;
400;10;10;2025-02-24;;
4889;55;0;2025-02-24;;
7071;30;0;2025-02-24;;
7094;22;22;2025-02-24;;
9870;191;40;2025-02-24;;
9820;18;18;2025-02-24;;
9887;20;20;2025-02-24;;
9992;20;20;2025-02-24;;
8552;10;10;2025-02-24;;
9985;6;6;2025-02-24;;
9998;7;7;2025-02-24;;
5509;8;8;2025-02-24;;
3043;48;150;2025-02-24;;
4889;0;68;2025-02-28;;
7071;0;80;2025-02-28;;
7094;33;33;2025-02-28;;
9870;0;213;2025-02-28;;
9887;5;5;2025-02-28;;
3043;40;0;2025-02-28;;
400;0;14;2025-03-10;;
4889;10;0;2025-03-10;;
9870;147;38;2025-03-10;;
9887;44;44;2025-03-10;;
9992;38;38;2025-03-10;;
3043;55;0;2025-03-10;;
1761;24;58;2025-01-02;;
1770;0;0;2025-01-02;;
2531;241;0;2025-01-02;;
2549;0;0;2025-01-02;;
1761;86;0;2025-01-03;;
1770;73;108;2025-01-03;;
2531;149;0;2025-01-03;;
2549;0;0;2025-01-03;;
1761;84;7;2025-01-04;;
1770;76;0;2025-01-04;;
2531;683;0;2025-01-04;;
2549;0;0;2025-01-04;;
1761;73;0;2025-01-06;;
1770;93;0;2025-01-06;;
2531;281;0;2025-01-06;;
2549;0;0;2025-01-06;;
1761;27;59;2025-01-07;;
1770;0;0;2025-01-07;;
2531;622;1748;2025-01-07;;
2549;0;0;2025-01-07;;
1761;84;0;2025-01-09;;
1770;60;137;2025-01-09;;
2531;95;0;2025-01-09;;
2549;0;0;2025-01-09;;
1761;34;26;2025-01-11;;
1770;0;0;2025-01-11;;
2531;654;1130;2025-01-11;;
2549;0;0;2025-01-11;;
1761;155;27;2025-01-14;;
1770;0;0;2025-01-14;;
2531;373;0;2025-01-14;;
2549;12;0;2025-01-14;;
1761;84;0;2025-01-16;;
1770;60;100;2025-01-16;;
2531;437;240;2025-01-16;;
2549;0;0;2025-01-16;;
1761;5;0;2025-01-18;;
1770;40;0;2025-01-18;;
2531;524;0;2025-01-18;;
2549;0;0;2025-01-18;;
1761;111;106;2025-01-21;;
1770;45;44;2025-01-21;;
2531;616;1740;2025-01-21;;
2549;14;14;2025-01-21;;
1761;98;0;2025-01-23;;
1770;0;0;2025-01-23;;
2531;432;660;2025-01-23;;
2549;0;0;2025-01-23;;
1761;37;94;2025-01-25;;
1770;67;83;2025-01-25;;
2531;477;0;2025-01-25;;
2549;0;0;2025-01-25;;
1761;0;0;2025-01-28;;
1770;55;0;2025-01-28;;
2531;349;0;2025-01-28;;
2549;0;0;2025-01-28;;
1761;113;69;2025-01-30;;
1770;54;0;2025-01-30;;
2531;251;0;2025-01-30;;
2549;0;0;2025-01-30;;
1761;0;0;2025-01-31;;
1770;0;0;2025-01-31;;
2531;0;1710;2025-01-31;;
2549;0;0;2025-01-31;;
1761;75;50;2025-02-01;;
1770;34;115;2025-02-01;;
2531;580;0;2025-02-01;;
2549;0;0;2025-02-01;;
1761;95;0;2025-02-04;;
1770;45;95;2025-02-04;;
2531;488;0;2025-02-04;;
2549;12;12;2025-02-04;;
1761;81;92;2025-02-06;;
1770;55;0;2025-02-06;;
2531;146;0;2025-02-06;;
2549;0;0;2025-02-06;;
1761;62;44;2025-02-08;;
1770;54;47;2025-02-08;;
2531;370;0;2025-02-08;;
2549;0;0;2025-02-08;;
1761;36;168;2025-02-11;;
1770;37;0;2025-02-11;;
2531;344;0;2025-02-11;;
2549;0;0;2025-02-11;;
1761;0;0;2025-02-12;;
1770;0;0;2025-02-12;;
2531;0;1800;2025-02-12;;
2549;0;0;2025-02-12;;
1761;68;60;2025-02-13;;
1770;0;16;2025-02-13;;
2531;298;0;2025-02-13;;
2549;0;0;2025-02-13;;
1761;24;71;2025-02-15;;
1770;19;0;2025-02-15;;
2531;270;0;2025-02-15;;
2549;0;0;2025-02-15;;
1761;19;26;2025-02-18;;
1770;0;0;2025-02-18;;
2531;321;0;2025-02-18;;
2549;0;0;2025-02-18;;
1761;22;60;2025-02-20;;
1770;0;0;2025-02-20;;
2531;214;1800;2025-02-20;;
2549;0;0;2025-02-20;;
1761;8;0;2025-02-21;;
1770;0;0;2025-02-21;;
2531;320;0;2025-02-21;;
2549;0;0;2025-02-21;;
1761;95;50;2025-02-25;;
1770;25;81;2025-02-25;;
2531;192;0;2025-02-25;;
2549;10;10;2025-02-25;;
1761;71;35;2025-02-27;;
1770;39;52;2025-02-27;;
2531;350;902;2025-02-27;;
2549;0;0;2025-02-27;;
1761;0;0;2025-02-28;;
1770;0;0;2025-02-28;;
2531;332;0;2025-02-28;;
2549;0;0;2025-02-28;;
1761;0;0;;;
1770;0;0;;;
2531;0;1320;;;
2549;0;0;;;
1761;55;119;;;
1770;0;0;;;
2531;211;0;;;
2549;0;0;;;
1761;75;24;;;
1770;0;0;;;
2531;88;0;;;
2549;5;5;;;
1761;25;57;;;
1770;49;48;;;
2531;112;0;;;
2549;0;0;;;
1762;83;210;2025-01-02;;
1767;16;0;2025-01-02;;
1768;45;90;2025-01-02;;
1769;36;68;2025-01-02;;
1771;37;34;2025-01-02;;
2054;20;18;2025-01-02;;
2516;156;315;2025-01-02;;
2547;0;0;2025-01-02;;
2548;0;0;2025-01-02;;
3772;329;550;2025-01-02;;
5546;0;0;2025-01-02;;
5547;0;0;2025-01-02;;
6968;35;35;2025-01-02;;
7412;0;0;2025-01-02;;
9667;13;0;2025-01-02;;
5030;0;0;2025-01-02;;
4456;0;0;2025-01-02;;
1762;410;90;2025-01-03;;
1767;0;0;2025-01-03;;
1768;125;80;2025-01-03;;
1769;0;0;2025-01-03;;
1771;83;83;2025-01-03;;
2054;0;0;2025-01-03;;
2516;0;0;2025-01-03;;
2547;0;0;2025-01-03;;
2548;0;0;2025-01-03;;
3772;0;0;2025-01-03;;
5546;288;150;2025-01-03;;
5547;112;54;2025-01-03;;
6968;0;83;2025-01-03;;
7412;14;0;2025-01-03;;
9667;16;0;2025-01-03;;
5030;301;0;2025-01-03;;
4456;0;0;2025-01-03;;
1762;190;0;2025-01-04;;
1767;24;26;2025-01-04;;
1768;112;120;2025-01-04;;
1769;125;0;2025-01-04;;
1771;98;0;2025-01-04;;
2054;0;0;2025-01-04;;
2516;105;153;2025-01-04;;
2547;0;0;2025-01-04;;
2548;0;0;2025-01-04;;
3772;521;521;2025-01-04;;
5546;0;0;2025-01-04;;
5547;0;0;2025-01-04;;
6968;100;100;2025-01-04;;
7412;0;0;2025-01-04;;
9667;0;0;2025-01-04;;
5030;122;100;2025-01-04;;
4456;0;0;2025-01-04;;
1762;115;0;2025-01-06;;
1767;0;0;2025-01-06;;
1768;86;0;2025-01-06;;
1769;69;54;2025-01-06;;
1771;62;62;2025-01-06;;
2054;0;0;2025-01-06;;
2516;363;100;2025-01-06;;
2547;0;0;2025-01-06;;
2548;0;0;2025-01-06;;
3772;405;38;2025-01-06;;
5546;231;0;2025-01-06;;
5547;93;90;2025-01-06;;
6968;102;0;2025-01-06;;
7412;22;0;2025-01-06;;
9667;16;0;2025-01-06;;
5030;127;80;2025-01-06;;
4456;160;87;2025-01-06;;
1762;0;0;2025-01-07;;
1767;0;0;2025-01-07;;
1768;119;0;2025-01-07;;
1769;85;17;2025-01-07;;
1771;56;62;2025-01-07;;
2054;20;42;2025-01-07;;
2516;225;225;2025-01-07;;
2547;0;0;2025-01-07;;
2548;12;0;2025-01-07;;
3772;400;400;2025-01-07;;
5546;0;0;2025-01-07;;
5547;0;0;2025-01-07;;
6968;104;369;2025-01-07;;
7412;0;0;2025-01-07;;
9667;0;0;2025-01-07;;
5030;0;0;2025-01-07;;
4456;0;0;2025-01-07;;
1762;391;390;2025-01-08;;
1767;17;22;2025-01-08;;
1768;164;164;2025-01-08;;
1769;105;105;2025-01-08;;
1771;67;67;2025-01-08;;
2054;0;0;2025-01-08;;
2516;0;0;2025-01-08;;
2547;0;0;2025-01-08;;
2548;0;0;2025-01-08;;
3772;0;0;2025-01-08;;
5546;140;360;2025-01-08;;
5547;36;100;2025-01-08;;
6968;0;0;2025-01-08;;
7412;14;0;2025-01-08;;
9667;29;0;2025-01-08;;
5030;126;126;2025-01-08;;
4456;0;0;2025-01-08;;
1762;210;210;2025-01-09;;
1767;0;0;2025-01-09;;
1768;183;183;2025-01-09;;
1769;112;112;2025-01-09;;
1771;43;43;2025-01-09;;
2054;0;0;2025-01-09;;
2516;0;0;2025-01-09;;
2547;3;0;2025-01-09;;
2548;0;0;2025-01-09;;
3772;0;0;2025-01-09;;
5546;250;60;2025-01-09;;
5547;47;43;2025-01-09;;
6968;0;0;2025-01-09;;
7412;0;0;2025-01-09;;
9667;0;0;2025-01-09;;
5030;75;75;2025-01-09;;
4456;130;73;2025-01-09;;
1762;311;270;2025-01-10;;
1767;0;0;2025-01-10;;
1768;0;0;2025-01-10;;
1769;0;0;2025-01-10;;
1771;0;0;2025-01-10;;
2054;42;9;2025-01-10;;
2516;348;864;2025-01-10;;
2547;0;0;2025-01-10;;
2548;0;0;2025-01-10;;
3772;275;1272;2025-01-10;;
5546;268;149;2025-01-10;;
5547;126;15;2025-01-10;;
6968;100;0;2025-01-10;;
7412;0;0;2025-01-10;;
9667;46;0;2025-01-10;;
5030;0;0;2025-01-10;;
4456;0;0;2025-01-10;;
1762;153;180;2025-01-11;;
1767;0;0;2025-01-11;;
1768;0;0;2025-01-11;;
1769;0;0;2025-01-11;;
1771;0;0;2025-01-11;;
2054;0;0;2025-01-11;;
2516;0;0;2025-01-11;;
2547;0;0;2025-01-11;;
2548;0;0;2025-01-11;;
3772;0;240;2025-01-11;;
5546;0;0;2025-01-11;;
5547;0;0;2025-01-11;;
6968;0;0;2025-01-11;;
7412;0;0;2025-01-11;;
9667;0;0;2025-01-11;;
5030;0;0;2025-01-11;;
4456;0;0;2025-01-11;;
1762;0;0;2025-01-13;;
1767;0;0;2025-01-13;;
1768;33;210;2025-01-13;;
1769;38;171;2025-01-13;;
1771;25;71;2025-01-13;;
2054;0;0;2025-01-13;;
2516;0;0;2025-01-13;;
2547;0;0;2025-01-13;;
2548;0;0;2025-01-13;;
3772;0;0;2025-01-13;;
5546;150;353;2025-01-13;;
5547;0;0;2025-01-13;;
6968;0;0;2025-01-13;;
7412;43;60;2025-01-13;;
9667;0;0;2025-01-13;;
5030;0;0;2025-01-13;;
4456;0;0;2025-01-13;;
1762;0;0;2025-01-14;;
1767;12;0;2025-01-14;;
1768;80;84;2025-01-14;;
1769;36;13;2025-01-14;;
1771;29;12;2025-01-14;;
2054;5;45;2025-01-14;;
2516;188;500;2025-01-14;;
2547;10;8;2025-01-14;;
2548;0;0;2025-01-14;;
3772;265;500;2025-01-14;;
5546;0;0;2025-01-14;;
5547;0;0;2025-01-14;;
6968;80;98;2025-01-14;;
7412;0;0;2025-01-14;;
9667;0;0;2025-01-14;;
5030;0;0;2025-01-14;;
4456;0;0;2025-01-14;;
1762;0;0;2025-01-15;;
1767;21;0;2025-01-15;;
1768;176;30;2025-01-15;;
1769;98;98;2025-01-15;;
1771;62;23;2025-01-15;;
2054;0;0;2025-01-15;;
2516;110;500;2025-01-15;;
2547;0;0;2025-01-15;;
2548;0;0;2025-01-15;;
3772;185;600;2025-01-15;;
5546;30;230;2025-01-15;;
5547;62;90;2025-01-15;;
6968;150;49;2025-01-15;;
7412;68;0;2025-01-15;;
9667;25;0;2025-01-15;;
5030;80;120;2025-01-15;;
4456;0;0;2025-01-15;;
1762;0;0;2025-01-16;;
1767;0;0;2025-01-16;;
1768;110;102;2025-01-16;;
1769;62;62;2025-01-16;;
1771;40;40;2025-01-16;;
2054;48;5;2025-01-16;;
2516;86;100;2025-01-16;;
2547;5;5;2025-01-16;;
2548;12;0;2025-01-16;;
3772;166;115;2025-01-16;;
5546;75;93;2025-01-16;;
5547;58;120;2025-01-16;;
6968;90;0;2025-01-16;;
7412;0;0;2025-01-16;;
9667;0;0;2025-01-16;;
5030;49;0;2025-01-16;;
4456;0;0;2025-01-16;;
1762;22;270;2025-01-17;;
1767;0;0;2025-01-17;;
1768;83;120;2025-01-17;;
1769;53;78;2025-01-17;;
1771;49;49;2025-01-17;;
2054;0;0;2025-01-17;;
2516;122;73;2025-01-17;;
2547;0;0;2025-01-17;;
2548;0;0;2025-01-17;;
3772;320;0;2025-01-17;;
5546;370;94;2025-01-17;;
5547;132;76;2025-01-17;;
6968;85;0;2025-01-17;;
7412;39;0;2025-01-17;;
9667;20;30;2025-01-17;;
5030;67;0;2025-01-17;;
4456;70;116;2025-01-17;;
1762;37;0;2025-01-18;;
1767;0;0;2025-01-18;;
1768;0;0;2025-01-18;;
1769;0;0;2025-01-18;;
1771;0;0;2025-01-18;;
2054;0;0;2025-01-18;;
2516;62;62;2025-01-18;;
2547;0;0;2025-01-18;;
2548;0;0;2025-01-18;;
3772;255;255;2025-01-18;;
5546;0;0;2025-01-18;;
5547;0;0;2025-01-18;;
6968;81;405;2025-01-18;;
7412;0;0;2025-01-18;;
9667;0;0;2025-01-18;;
5030;46;60;2025-01-18;;
4456;0;0;2025-01-18;;
1762;217;180;2025-01-20;;
1767;25;0;2025-01-20;;
1768;66;0;2025-01-20;;
1769;42;54;2025-01-20;;
1771;39;41;2025-01-20;;
2054;0;0;2025-01-20;;
2516;180;100;2025-01-20;;
2547;0;0;2025-01-20;;
2548;0;0;2025-01-20;;
3772;430;100;2025-01-20;;
5546;151;382;2025-01-20;;
5547;113;150;2025-01-20;;
6968;180;75;2025-01-20;;
7412;42;30;2025-01-20;;
9667;22;0;2025-01-20;;
5030;79;120;2025-01-20;;
4456;62;148;2025-01-20;;
1762;0;0;2025-01-21;;
1767;0;0;2025-01-21;;
1768;77;165;2025-01-21;;
1769;54;54;2025-01-21;;
1771;0;0;2025-01-21;;
2054;44;49;2025-01-21;;
2516;196;550;2025-01-21;;
2547;7;6;2025-01-21;;
2548;10;0;2025-01-21;;
3772;321;550;2025-01-21;;
5546;0;0;2025-01-21;;
5547;0;0;2025-01-21;;
6968;150;185;2025-01-21;;
7412;0;0;2025-01-21;;
9667;0;0;2025-01-21;;
5030;61;61;2025-01-21;;
4456;0;0;2025-01-21;;
1762;430;420;2025-01-22;;
1767;16;0;2025-01-22;;
1768;103;103;2025-01-22;;
1769;38;38;2025-01-22;;
1771;28;38;2025-01-22;;
2054;0;0;2025-01-22;;
2516;186;286;2025-01-22;;
2547;0;0;2025-01-22;;
2548;0;0;2025-01-22;;
3772;367;367;2025-01-22;;
5546;0;0;2025-01-22;;
5547;74;90;2025-01-22;;
6968;90;203;2025-01-22;;
7412;0;0;2025-01-22;;
9667;28;42;2025-01-22;;
5030;50;110;2025-01-22;;
4456;0;0;2025-01-22;;
1762;103;0;2025-01-23;;
1767;0;0;2025-01-23;;
1768;98;90;2025-01-23;;
1769;0;0;2025-01-23;;
1771;0;0;2025-01-23;;
2054;1;0;2025-01-23;;
2516;252;252;2025-01-23;;
2547;7;13;2025-01-23;;
2548;0;0;2025-01-23;;
3772;257;257;2025-01-23;;
5546;169;176;2025-01-23;;
5547;66;90;2025-01-23;;
6968;70;236;2025-01-23;;
7412;33;0;2025-01-23;;
9667;0;0;2025-01-23;;
5030;53;0;2025-01-23;;
4456;89;93;2025-01-23;;
1762;228;360;2025-01-24;;
1769;0;60;2025-01-24;;
1771;35;30;2025-01-24;;
2516;282;0;2025-01-24;;
3772;516;516;2025-01-24;;
5546;352;136;2025-01-24;;
5547;169;66;2025-01-24;;
6968;136;45;2025-01-24;;
7412;28;30;2025-01-24;;
4456;79;17;2025-01-24;;
1762;123;180;2025-01-25;;
1768;56;56;2025-01-25;;
1769;45;30;2025-01-25;;
1771;34;0;2025-01-25;;
2516;57;0;2025-01-25;;
3772;236;996;2025-01-25;;
5030;70;0;2025-01-25;;
3772;0;592;2025-01-27;;
5546;90;290;2025-01-27;;
5547;85;90;2025-01-27;;
9667;34;17;2025-01-27;;
5030;31;31;2025-01-27;;
4456;90;0;2025-01-27;;
1768;53;43;2025-01-28;;
1769;36;47;2025-01-28;;
1771;46;23;2025-01-28;;
2054;3;18;2025-01-28;;
2516;262;262;2025-01-28;;
3772;281;263;2025-01-28;;
6968;170;244;2025-01-28;;
1768;78;68;2025-01-29;;
1769;43;34;2025-01-29;;
1771;52;0;2025-01-29;;
2516;70;387;2025-01-29;;
3772;0;70;2025-01-29;;
5546;121;90;2025-01-29;;
5547;52;90;2025-01-29;;
6968;158;158;2025-01-29;;
7412;3;0;2025-01-29;;
9667;38;18;2025-01-29;;
4456;100;90;2025-01-29;;
1762;132;180;2025-01-30;;
2054;6;0;2025-01-30;;
2516;62;62;2025-01-30;;
2547;12;12;2025-01-30;;
3772;275;305;2025-01-30;;
5546;72;129;2025-01-30;;
5547;70;90;2025-01-30;;
6968;102;102;2025-01-30;;
4456;69;69;2025-01-30;;
1767;15;30;2025-01-31;;
1768;69;55;2025-01-31;;
1769;43;41;2025-01-31;;
1771;31;25;2025-01-31;;
2516;154;154;2025-01-31;;
3772;479;89;2025-01-31;;
5546;144;55;2025-01-31;;
5547;130;30;2025-01-31;;
6968;99;0;2025-01-31;;
5030;49;96;2025-01-31;;
1762;0;0;2025-02-01;;
1767;11;21;2025-02-01;;
1768;43;60;2025-02-01;;
1769;23;0;2025-02-01;;
1771;28;0;2025-02-01;;
2054;0;0;2025-02-01;;
2516;75;219;2025-02-01;;
2547;0;0;2025-02-01;;
2548;0;0;2025-02-01;;
3772;92;200;2025-02-01;;
5546;0;0;2025-02-01;;
5547;0;0;2025-02-01;;
6968;87;1000;2025-02-01;;
7412;25;120;2025-02-01;;
9667;17;0;2025-02-01;;
5030;0;0;2025-02-01;;
4456;0;0;2025-02-01;;
1762;0;0;2025-02-03;;
1767;0;0;2025-02-03;;
1768;0;0;2025-02-03;;
1769;0;0;2025-02-03;;
1771;0;0;2025-02-03;;
2054;0;0;2025-02-03;;
2516;268;0;2025-02-03;;
2547;0;0;2025-02-03;;
2548;0;0;2025-02-03;;
3772;375;0;2025-02-03;;
5546;120;198;2025-02-03;;
5547;103;120;2025-02-03;;
6968;124;0;2025-02-03;;
7412;0;0;2025-02-03;;
9667;0;0;2025-02-03;;
5030;0;0;2025-02-03;;
4456;0;0;2025-02-03;;
1762;0;0;2025-02-04;;
1767;16;16;2025-02-04;;
1768;27;76;2025-02-04;;
1769;34;70;2025-02-04;;
1771;30;0;2025-02-04;;
2054;1;15;2025-02-04;;
2516;200;0;2025-02-04;;
2547;0;0;2025-02-04;;
2548;10;10;2025-02-04;;
3772;200;0;2025-02-04;;
5546;0;0;2025-02-04;;
5547;0;0;2025-02-04;;
6968;114;0;2025-02-04;;
7412;0;0;2025-02-04;;
9667;4;29;2025-02-04;;
5030;42;0;2025-02-04;;
4456;0;0;2025-02-04;;
1762;63;480;2025-02-05;;
1767;0;0;2025-02-05;;
1768;33;40;2025-02-05;;
1769;0;0;2025-02-05;;
1771;0;0;2025-02-05;;
2054;0;0;2025-02-05;;
2516;0;430;2025-02-05;;
2547;0;0;2025-02-05;;
2548;0;0;2025-02-05;;
3772;0;430;2025-02-05;;
5546;0;0;2025-02-05;;
5547;0;0;2025-02-05;;
6968;0;420;2025-02-05;;
7412;0;0;2025-02-05;;
9667;9;0;2025-02-05;;
5030;116;0;2025-02-05;;
4456;0;0;2025-02-05;;
1762;101;150;2025-02-06;;
1767;12;18;2025-02-06;;
1768;74;23;2025-02-06;;
1769;40;37;2025-02-06;;
1771;27;27;2025-02-06;;
2054;4;9;2025-02-06;;
2516;0;410;2025-02-06;;
2547;7;6;2025-02-06;;
2548;0;0;2025-02-06;;
3772;0;410;2025-02-06;;
5546;0;0;2025-02-06;;
5547;39;90;2025-02-06;;
6968;0;410;2025-02-06;;
7412;0;0;2025-02-06;;
9667;0;0;2025-02-06;;
5030;53;35;2025-02-06;;
4456;0;0;2025-02-06;;
1762;0;0;2025-02-07;;
1767;0;0;2025-02-07;;
1768;85;0;2025-02-07;;
1769;51;51;2025-02-07;;
1771;37;0;2025-02-07;;
2054;0;0;2025-02-07;;
2516;153;75;2025-02-07;;
2547;0;0;2025-02-07;;
2548;0;0;2025-02-07;;
3772;30;0;2025-02-07;;
5546;107;154;2025-02-07;;
5547;0;0;2025-02-07;;
6968;20;20;2025-02-07;;
7412;29;0;2025-02-07;;
9667;15;0;2025-02-07;;
5030;0;0;2025-02-07;;
4456;0;0;2025-02-07;;
1762;228;120;2025-02-08;;
1767;14;20;2025-02-08;;
1768;44;90;2025-02-08;;
1769;18;42;2025-02-08;;
1771;0;0;2025-02-08;;
2054;0;0;2025-02-08;;
2516;0;150;2025-02-08;;
2547;0;0;2025-02-08;;
2548;0;0;2025-02-08;;
3772;0;175;2025-02-08;;
5546;0;0;2025-02-08;;
5547;0;0;2025-02-08;;
6968;0;150;2025-02-08;;
7412;0;0;2025-02-08;;
9667;0;0;2025-02-08;;
5030;33;0;2025-02-08;;
4456;0;0;2025-02-08;;
1762;133;150;2025-02-10;;
1767;10;12;2025-02-10;;
1768;40;0;2025-02-10;;
1769;0;0;2025-02-10;;
1771;26;25;2025-02-10;;
2054;0;0;2025-02-10;;
2516;260;125;2025-02-10;;
2547;0;0;2025-02-10;;
2548;0;0;2025-02-10;;
3772;306;131;2025-02-10;;
5546;0;0;2025-02-10;;
5547;0;0;2025-02-10;;
6968;190;0;2025-02-10;;
7412;45;30;2025-02-10;;
9667;0;0;2025-02-10;;
5030;0;0;2025-02-10;;
4456;0;0;2025-02-10;;
1762;0;0;2025-02-11;;
1767;0;0;2025-02-11;;
1768;0;0;2025-02-11;;
1769;18;20;2025-02-11;;
1771;0;0;2025-02-11;;
2054;10;5;2025-02-11;;
2516;115;115;2025-02-11;;
2547;0;0;2025-02-11;;
2548;0;0;2025-02-11;;
3772;463;450;2025-02-11;;
5546;0;0;2025-02-11;;
5547;55;150;2025-02-11;;
6968;127;10;2025-02-11;;
7412;0;0;2025-02-11;;
9667;0;0;2025-02-11;;
5030;0;0;2025-02-11;;
4456;70;150;2025-02-11;;
1762;209;120;2025-02-13;;
1767;0;0;2025-02-13;;
1768;0;0;2025-02-13;;
1769;29;0;2025-02-13;;
1771;20;36;2025-02-13;;
2054;15;7;2025-02-13;;
2516;371;230;2025-02-13;;
2547;7;8;2025-02-13;;
2548;0;0;2025-02-13;;
3772;677;650;2025-02-13;;
5546;150;106;2025-02-13;;
5547;45;51;2025-02-13;;
6968;150;23;2025-02-13;;
7412;30;0;2025-02-13;;
9667;18;21;2025-02-13;;
5030;22;63;2025-02-13;;
4456;48;60;2025-02-13;;
1762;0;0;2025-02-14;;
1767;13;24;2025-02-14;;
1768;24;90;2025-02-14;;
1769;18;36;2025-02-14;;
1771;0;0;2025-02-14;;
2054;0;0;2025-02-14;;
2516;291;0;2025-02-14;;
2547;0;0;2025-02-14;;
2548;0;0;2025-02-14;;
3772;504;0;2025-02-14;;
5546;0;0;2025-02-14;;
5547;92;25;2025-02-14;;
6968;177;0;2025-02-14;;
7412;10;0;2025-02-14;;
9667;33;0;2025-02-14;;
5030;0;0;2025-02-14;;
4456;40;30;2025-02-14;;
1762;0;0;2025-02-15;;
1767;0;0;2025-02-15;;
1768;39;42;2025-02-15;;
1769;26;16;2025-02-15;;
1771;19;25;2025-02-15;;
2054;0;0;2025-02-15;;
2516;0;500;2025-02-15;;
2547;0;0;2025-02-15;;
2548;0;0;2025-02-15;;
3772;0;500;2025-02-15;;
5546;0;0;2025-02-15;;
5547;0;0;2025-02-15;;
6968;0;122;2025-02-15;;
7412;0;0;2025-02-15;;
9667;0;0;2025-02-15;;
5030;34;55;2025-02-15;;
4456;0;0;2025-02-15;;
1762;0;0;2025-02-18;;
1767;12;25;2025-02-18;;
1768;47;60;2025-02-18;;
1769;23;42;2025-02-18;;
1771;15;28;2025-02-18;;
2054;9;12;2025-02-18;;
2516;40;40;2025-02-18;;
2547;0;0;2025-02-18;;
2548;10;14;2025-02-18;;
3772;30;30;2025-02-18;;
5546;0;0;2025-02-18;;
5547;70;88;2025-02-18;;
6968;120;387;2025-02-18;;
7412;0;0;2025-02-18;;
9667;18;6;2025-02-18;;
5030;24;40;2025-02-18;;
4456;20;37;2025-02-18;;
1762;46;240;2025-02-20;;
1767;12;0;2025-02-20;;
1768;49;52;2025-02-20;;
1769;24;26;2025-02-20;;
1771;26;16;2025-02-20;;
2054;24;6;2025-02-20;;
2516;0;150;2025-02-20;;
2547;10;11;2025-02-20;;
2548;0;0;2025-02-20;;
3772;0;150;2025-02-20;;
5546;100;90;2025-02-20;;
5547;46;60;2025-02-20;;
6968;0;86;2025-02-20;;
7412;1;0;2025-02-20;;
9667;9;30;2025-02-20;;
5030;24;29;2025-02-20;;
4456;32;0;2025-02-20;;
1762;0;0;2025-02-21;;
1767;0;0;2025-02-21;;
1768;20;38;2025-02-21;;
1769;18;22;2025-02-21;;
1771;14;0;2025-02-21;;
2054;0;0;2025-02-21;;
2516;20;0;2025-02-21;;
2547;0;0;2025-02-21;;
2548;0;0;2025-02-21;;
3772;48;0;2025-02-21;;
5546;0;0;2025-02-21;;
5547;84;64;2025-02-21;;
6968;120;118;2025-02-21;;
7412;12;0;2025-02-21;;
9667;7;0;2025-02-21;;
5030;0;0;2025-02-21;;
4456;0;0;2025-02-21;;
1762;78;180;2025-02-25;;
1767;14;23;2025-02-25;;
1768;52;59;2025-02-25;;
1769;33;17;2025-02-25;;
1771;27;17;2025-02-25;;
2054;14;29;2025-02-25;;
2516;225;225;2025-02-25;;
2547;0;0;2025-02-25;;
2548;0;0;2025-02-25;;
3772;227;227;2025-02-25;;
5546;0;0;2025-02-25;;
5547;52;77;2025-02-25;;
6968;149;359;2025-02-25;;
7412;28;30;2025-02-25;;
9667;4;0;2025-02-25;;
5030;37;29;2025-02-25;;
4456;41;108;2025-02-25;;
1762;138;120;2025-02-27;;
1767;0;0;2025-02-27;;
1768;67;38;2025-02-27;;
1769;35;33;2025-02-27;;
1771;37;27;2025-02-27;;
2054;0;0;2025-02-27;;
2516;350;363;2025-02-27;;
2547;10;8;2025-02-27;;
2548;14;7;2025-02-27;;
3772;217;217;2025-02-27;;
5546;89;97;2025-02-27;;
5547;58;60;2025-02-27;;
6968;152;152;2025-02-27;;
7412;31;0;2025-02-27;;
9667;0;0;2025-02-27;;
5030;72;0;2025-02-27;;
4456;120;0;2025-02-27;;
1762;0;0;2025-02-28;;
1767;0;0;2025-02-28;;
1768;20;37;2025-02-28;;
1769;20;16;2025-02-28;;
1771;15;35;2025-02-28;;
2054;0;0;2025-02-28;;
2516;0;0;2025-02-28;;
2547;0;0;2025-02-28;;
2548;0;0;2025-02-28;;
3772;0;0;2025-02-28;;
5546;0;0;2025-02-28;;
5547;150;0;2025-02-28;;
6968;0;0;2025-02-28;;
7412;0;0;2025-02-28;;
9667;0;0;2025-02-28;;
5030;0;0;2025-02-28;;
4456;0;0;2025-02-28;;
1762;49;120;2025-03-03;;
1767;0;0;2025-03-03;;
1768;0;0;2025-03-03;;
1769;0;0;2025-03-03;;
1771;11;14;2025-03-03;;
2054;0;0;2025-03-03;;
2516;139;0;2025-03-03;;
2547;0;0;2025-03-03;;
2548;0;0;2025-03-03;;
3772;213;0;2025-03-03;;
5546;50;47;2025-03-03;;
5547;0;0;2025-03-03;;
6968;110;0;2025-03-03;;
7412;0;0;2025-03-03;;
9667;0;0;2025-03-03;;
5030;0;0;2025-03-03;;
4456;0;0;2025-03-03;;
1762;49;120;2025-03-06;;
1767;0;0;2025-03-06;;
1768;35;70;2025-03-06;;
1769;23;33;2025-03-06;;
1771;0;0;2025-03-06;;
2054;0;0;2025-03-06;;
2516;87;387;2025-03-06;;
2547;0;0;2025-03-06;;
2548;0;0;2025-03-06;;
3772;132;432;2025-03-06;;
5546;0;0;2025-03-06;;
5547;0;0;2025-03-06;;
6968;100;605;2025-03-06;;
7412;0;0;2025-03-06;;
9667;25;29;2025-03-06;;
5030;38;0;2025-03-06;;
4456;64;29;2025-03-06;;
5174;14;0;2025-01-02;;
9801;16;8;2025-01-02;;
9805;23;23;2025-01-02;;
9809;7;14;2025-01-02;;
9811;34;2;2025-01-02;;
9812;21;23;2025-01-02;;
9815;25;45;2025-01-02;;
9817;16;17;2025-01-02;;
9851;22;21;2025-01-02;;
9856;21;9;2025-01-02;;
6681;13;9;2025-01-02;;
9806;16;11;2025-01-02;;
9836;4;9;2025-01-02;;
9849;25;15;2025-01-02;;
9858;9;7;2025-01-02;;
9888;6;0;2025-01-02;;
1318;64;67;2025-12-30;;
3050;68;100;2025-12-30;;
5499;15;14;2025-01-02;;
6636;29;39;2025-01-02;;
1190;53;15;2025-01-02;;
1190;21;67;2025-01-02;;
1365;33;10;2025-01-02;;
3037;41;41;2025-01-02;;
3037;25;25;2025-01-02;;
3038;26;26;2025-01-02;;
3044;33;98;2025-01-02;;
3044;40;10;2025-01-02;;
3167;47;0;2025-01-02;;
3558;10;10;2025-01-02;;
3919;58;69;2025-01-02;;
3919;72;72;2025-01-02;;
5537;54;78;2025-01-02;;
5537;36;0;2025-01-02;;
6064;387;311;2025-01-02;;
7467;90;90;2025-01-02;;
8454;21;80;2025-01-02;;
9944;8;8;2025-01-02;;
300;125;129;2025-01-03;;
1318;65;65;2025-01-03;;
1443;17;50;2025-01-03;;
3050;83;58;2025-01-03;;
3052;28;0;2025-01-03;;
5498;38;75;2025-01-03;;
6602;18;0;2025-01-03;;
6603;25;68;2025-01-03;;
300;205;29;2025-01-04;;
1318;0;0;2025-01-04;;
1443;32;0;2025-01-04;;
3050;145;67;2025-01-04;;
3052;64;29;2025-01-04;;
5498;76;17;2025-01-04;;
6602;15;65;2025-01-04;;
6603;30;40;2025-01-04;;
2036;7;53;2025-01-04;;
1558;50;68;2025-01-03;;
3047;68;177;2025-01-03;;
3048;13;15;2025-01-03;;
3049;32;33;2025-01-03;;
3053;3;4;2025-01-03;;
6110;30;196;2025-01-03;;
7327;0;0;2025-01-03;;
1558;30;0;2025-01-04;;
3047;135;41;2025-01-04;;
3048;0;0;2025-01-04;;
3049;53;35;2025-01-04;;
3053;0;0;2025-01-04;;
6110;0;0;2025-01-04;;
7327;0;0;2025-01-04;;
1558;60;50;2025-01-06;;
3047;82;187;2025-01-06;;
3048;14;15;2025-01-06;;
3049;50;48;2025-01-06;;
3053;0;0;2025-01-06;;
6110;135;0;2025-01-06;;
7327;0;0;2025-01-06;;
5499;15;14;2025-01-02;;
6636;29;39;2025-01-02;;
5780;3;3;2025-01-06;;
6636;82;0;2025-01-06;;
6628;3;3;2025-01-03;;
6641;12;12;2025-01-03;;
6682;8;5;2025-01-03;;
9808;17;18;2025-01-03;;
9814;13;15;2025-01-03;;
9826;10;11;2025-01-03;;
9832;24;43;2025-01-03;;
9837;116;110;2025-01-03;;
9839;13;14;2025-01-03;;
9848;20;18;2025-01-03;;
6681;7;1;2025-01-04;;
9806;0;0;2025-01-04;;
9832;0;0;2025-01-04;;
9837;0;0;2025-01-04;;
9848;0;0;2025-01-04;;
6628;17;17;2025-01-06;;
6639;12;4;2025-01-06;;
6681;22;12;2025-01-06;;
9810;6;5;2025-01-06;;
9814;15;24;2025-01-06;;
9826;19;10;2025-01-06;;
9837;70;51;2025-01-06;;
9839;27;22;2025-01-06;;
9848;25;16;2025-01-06;;
1765;14;6;2025-01-03;;
6640;6;6;2025-01-03;;
6733;9;7;2025-01-03;;
9803;14;26;2025-01-03;;
9805;55;21;2025-01-03;;
9816;24;0;2025-01-03;;
9842;35;37;2025-01-03;;
9851;43;34;2025-01-03;;
9816;9;53;2025-01-04;;
9817;0;0;2025-01-04;;
6625;18;9;2025-01-06;;
6626;13;13;2025-01-06;;
6627;12;7;2025-01-06;;
9803;17;25;2025-01-06;;
9805;61;47;2025-01-06;;
9807;0;12;2025-01-06;;
9811;29;7;2025-01-06;;
9816;46;1;2025-01-06;;
9817;25;5;2025-01-06;;
9827;7;8;2025-01-06;;
9851;62;49;2025-01-06;;
3167;23;0;2025-01-03;;
1190;34;22;2025-01-03;;
1365;150;111;2025-01-03;;
3034;79;76;2025-01-03;;
3035;38;62;2025-01-03;;
3036;22;28;2025-01-03;;
3038;22;22;2025-01-03;;
3041;95;76;2025-01-03;;
3042;49;55;2025-01-03;;
3044;59;70;2025-01-03;;
3558;25;25;2025-01-03;;
6891;0;79;2025-01-03;;
7020;30;36;2025-01-03;;
8454;48;0;2025-01-03;;
9140;341;154;2025-01-03;;
9874;51;31;2025-01-03;;
9875;88;88;2025-01-03;;
1364;9;0;2025-01-03;;
9944;108;24;2025-01-03;;
1364;6;0;2025-01-04;;
3044;22;0;2025-01-04;;
3034;75;43;2025-01-04;;
3037;59;67;2025-01-04;;
3167;81;75;2025-01-04;;
6891;210;0;2025-01-06;;
3038;73;73;2025-01-06;;
3044;74;74;2025-01-06;;
3167;57;42;2025-01-06;;
3036;9;9;2025-01-06;;
1190;40;51;2025-01-06;;
5537;61;72;2025-01-06;;
3035;55;50;2025-01-06;;
3558;18;18;2025-01-06;;
6064;370;174;2025-01-06;;
6893;12;11;2025-01-06;;
7020;43;43;2025-01-06;;
7467;31;31;2025-01-06;;
8454;40;0;2025-01-06;;
9042;96;144;2025-01-06;;
9723;66;88;2025-01-06;;
9944;87;72;2025-01-06;;
1365;338;108;2025-01-06;;
1190;17;51;2025-01-07;;
9723;15;34;2025-01-07;;
3041;108;73;2025-01-07;;
5537;107;0;2025-01-07;;
7020;19;19;2025-01-07;;
9042;30;62;2025-01-07;;
9140;0;131;2025-01-04;;
9140;17;0;2025-01-06;;
9140;0;149;2025-01-07;;
3036;17;25;2025-01-07;;
9875;63;63;2025-01-07;;
3558;17;17;2025-01-07;;
3035;36;42;2025-01-07;;
3038;33;33;2025-01-07;;
8454;19;37;2025-01-07;;
3034;89;88;2025-01-07;;
3042;49;28;2025-01-07;;
9874;26;32;2025-01-07;;
3044;16;80;2025-01-07;;
300;20;100;2025-01-06;;
1318;32;91;2025-01-06;;
1443;0;0;2025-01-06;;
3050;68;130;2025-01-06;;
3052;60;50;2025-01-06;;
5498;64;75;2025-01-06;;
6602;40;34;2025-01-06;;
6603;0;0;2025-01-06;;
2036;14;14;2025-01-06;;
1558;60;50;2025-01-06;;
3047;82;187;2025-01-06;;
3048;14;15;2025-01-06;;
3049;50;48;2025-01-06;;
6110;135;0;2025-01-06;;
700;2;4;2025-01-07;;
1765;7;11;2025-01-07;;
6488;10;15;2025-01-07;;
6640;6;6;2025-01-07;;
6733;12;10;2025-01-07;;
9801;12;23;2025-01-07;;
9812;37;35;2025-01-07;;
9816;24;47;2025-01-07;;
9817;22;31;2025-01-07;;
9860;8;3;2025-01-07;;
3032;8;8;2025-01-07;;
6641;14;14;2025-01-07;;
6682;9;8;2025-01-07;;
9808;14;20;2025-01-07;;
9832;33;27;2025-01-07;;
9848;22;0;2025-01-07;;
9849;20;20;2025-01-07;;
9888;0;14;2025-01-07;;
3167;74;109;2025-01-08;;
3558;10;10;2025-01-08;;
1364;15;0;2025-01-08;;
3919;121;85;2025-01-08;;
3042;65;27;2025-01-08;;
3044;49;41;2025-01-08;;
6891;613;455;2025-01-03;;
6891;280;409;2025-01-08;;
7020;38;24;2025-01-08;;
8454;45;100;2025-01-08;;
9140;251;291;2025-01-08;;
9723;11;30;2025-01-08;;
9944;13;13;2025-01-08;;
1190;17;16;2025-01-08;;
1365;427;384;2025-01-08;;
3034;52;46;2025-01-08;;
3035;62;56;2025-01-08;;
3036;25;25;2025-01-08;;
3038;5;5;2025-01-08;;
3004;120;0;2025-01-02;;
3004;71;300;2025-01-04;;
3004;9;75;2025-01-06;;
3004;25;0;2025-01-06;;
3004;10;0;2025-01-06;;
3004;780;0;2025-01-06;;
9803;32;15;2025-01-08;;
9805;41;41;2025-01-08;;
9807;11;0;2025-01-08;;
9824;3;4;2025-01-08;;
9842;13;36;2025-01-08;;
9851;41;65;2025-01-08;;
9856;14;20;2025-01-08;;
6681;8;4;2025-01-08;;
9814;25;16;2025-01-08;;
9826;25;19;2025-01-08;;
9837;76;69;2025-01-08;;
9839;14;19;2025-01-08;;
1558;35;45;2025-01-08;;
3047;89;98;2025-01-08;;
3048;17;15;2025-01-08;;
3049;67;51;2025-01-08;;
6110;323;0;2025-01-08;;
7327;1;1;2025-01-08;;
700;9;2;2025-01-09;;
5174;16;0;2025-01-09;;
6488;3;8;2025-01-09;;
6625;15;19;2025-01-09;;
6626;14;14;2025-01-09;;
6640;7;7;2025-01-09;;
9801;20;15;2025-01-09;;
9809;18;12;2025-01-09;;
9811;34;10;2025-01-09;;
9812;63;63;2025-01-09;;
9815;23;21;2025-01-09;;
9816;37;16;2025-01-09;;
9817;26;9;2025-01-09;;
9860;2;3;2025-01-09;;
3032;12;12;2025-01-09;;
6628;12;0;2025-01-09;;
6639;5;20;2025-01-09;;
9806;25;16;2025-01-09;;
9808;26;28;2025-01-09;;
9835;8;15;2025-01-09;;
9836;7;28;2025-01-09;;
9849;13;14;2025-01-09;;
9888;2;3;2025-01-09;;
300;10;91;2025-01-08;;
1318;48;18;2025-01-08;;
1443;30;50;2025-01-08;;
3050;136;74;2025-01-08;;
3052;65;60;2025-01-08;;
5498;69;40;2025-01-08;;
6602;41;33;2025-01-08;;
6603;30;30;2025-01-08;;
2036;14;14;2025-01-08;;
5499;30;17;2025-01-09;;
6636;16;51;2025-01-09;;
9855;15;15;2025-01-09;;
9952;44;36;2025-01-08;;
6891;343;0;2025-01-09;;
3558;20;20;2025-01-09;;
3042;63;0;2025-01-09;;
1190;30;8;2025-01-09;;
3036;8;8;2025-01-09;;
3037;68;68;2025-01-09;;
3038;54;54;2025-01-09;;
3041;8;0;2025-01-09;;
3044;9;39;2025-01-09;;
3167;92;49;2025-01-09;;
5537;113;75;2025-01-09;;
6805;9;9;2025-01-09;;
9874;42;31;2025-01-09;;
8454;6;7;2025-01-09;;
9140;46;156;2025-01-09;;
9944;49;49;2025-01-09;;
9952;14;8;2025-01-09;;
3004;750;308;2025-01-08;;
9723;32;42;2025-01-10;;
1190;66;43;2025-01-10;;
3034;90;120;2025-01-10;;
3036;34;40;2025-01-10;;
3041;0;50;2025-01-08;;
3041;109;72;2025-01-10;;
3042;117;39;2025-01-10;;
3044;66;75;2025-01-10;;
3167;84;60;2025-01-10;;
3038;22;22;2025-01-10;;
3558;43;22;2025-01-10;;
3919;66;72;2025-01-10;;
6064;335;129;2025-01-10;;
6891;230;134;2025-01-10;;
7020;9;9;2025-01-10;;
9042;35;50;2025-01-10;;
9874;36;36;2025-01-10;;
9875;83;83;2025-01-10;;
8454;20;0;2025-01-10;;
9944;33;71;2025-01-10;;
3035;40;76;2025-01-10;;
1365;404;299;2025-01-10;;
1765;9;9;2025-01-10;;
3720;6;6;2025-01-10;;
6640;6;6;2025-01-10;;
6733;4;8;2025-01-10;;
9803;27;11;2025-01-10;;
9805;57;42;2025-01-10;;
9807;0;9;2025-01-10;;
9813;3;12;2025-01-10;;
9815;16;23;2025-01-10;;
9816;16;35;2025-01-10;;
9817;0;17;2025-01-10;;
9842;25;20;2025-01-10;;
9851;39;36;2025-01-10;;
9856;15;13;2025-01-10;;
5174;53;47;2025-01-11;;
9805;26;46;2025-01-11;;
9851;30;46;2025-01-11;;
6628;1;13;2025-01-10;;
6641;4;4;2025-01-10;;
6682;4;9;2025-01-10;;
9814;16;17;2025-01-10;;
9826;29;23;2025-01-10;;
9832;27;33;2025-01-10;;
9837;40;52;2025-01-10;;
9839;5;12;2025-01-10;;
9849;6;9;2025-01-10;;
9837;25;125;2025-01-11;;
9839;37;12;2025-01-11;;
9849;23;10;2025-01-11;;
6633;7;19;2025-01-10;;
6703;12;22;2025-01-10;;
9850;7;7;2025-01-10;;
5780;17;17;2025-01-13;;
6636;29;83;2025-01-13;;
300;80;90;2025-01-10;;
1443;22;61;2025-01-10;;
1318;37;31;2025-01-10;;
3050;80;150;2025-01-10;;
3052;40;50;2025-01-10;;
5498;44;99;2025-01-10;;
6602;30;32;2025-01-10;;
6603;50;0;2025-01-10;;
2036;23;13;2025-01-10;;
300;150;61;2025-01-11;;
1443;22;8;2025-01-11;;
1318;30;26;2025-01-11;;
3050;142;64;2025-01-11;;
3052;84;73;2025-01-11;;
5498;94;70;2025-01-11;;
6602;0;0;2025-01-11;;
6603;0;0;2025-01-11;;
2036;35;9;2025-01-11;;
300;32;37;2025-01-13;;
1443;33;32;2025-01-13;;
1318;32;56;2025-01-13;;
3050;86;153;2025-01-13;;
3052;76;88;2025-01-13;;
5498;86;40;2025-01-13;;
6602;41;61;2025-01-13;;
6603;60;100;2025-01-13;;
2036;0;0;2025-01-13;;
1558;35;43;2025-01-10;;
3047;55;84;2025-01-10;;
3048;0;0;2025-01-10;;
3049;47;44;2025-01-10;;
3053;7;3;2025-01-10;;
6110;313;504;2025-01-10;;
7327;0;0;2025-01-10;;
1558;100;0;2025-01-11;;
3047;112;63;2025-01-11;;
3049;66;33;2025-01-11;;
6625;27;15;2025-01-13;;
6626;26;26;2025-01-13;;
6627;23;13;2025-01-13;;
9805;43;41;2025-01-13;;
9816;34;10;2025-01-13;;
9827;9;6;2025-01-13;;
9842;27;19;2025-01-13;;
9851;42;40;2025-01-13;;
6628;25;1;2025-01-13;;
6639;15;5;2025-01-13;;
6681;13;5;2025-01-13;;
9826;35;29;2025-01-13;;
9837;60;45;2025-01-13;;
9839;24;14;2025-01-13;;
3004;8;8;2025-01-09;;
3004;0;275;2025-01-09;;
3038;126;126;2025-01-11;;
1190;73;51;2025-01-11;;
7020;116;26;2025-01-11;;
3037;73;73;2025-01-11;;
3044;66;43;2025-01-11;;
3558;23;33;2025-01-11;;
9944;37;81;2025-01-11;;
9723;23;0;2025-01-11;;
3038;42;42;2025-01-13;;
1364;3;0;2025-01-13;;
3167;89;61;2025-01-13;;
3035;88;60;2025-01-13;;
6893;9;9;2025-01-13;;
1365;117;39;2025-01-13;;
3034;120;85;2025-01-13;;
3044;121;51;2025-01-13;;
3558;31;42;2025-01-13;;
5537;96;54;2025-01-13;;
7467;145;145;2025-01-13;;
8454;15;23;2025-01-13;;
9042;202;186;2025-01-13;;
9140;0;186;2025-01-11;;
9140;522;209;2025-01-13;;
9944;28;28;2025-01-13;;
700;5;1;2025-01-14;;
1765;13;7;2025-01-14;;
5174;43;62;2025-01-14;;
6488;36;0;2025-01-14;;
9474;67;67;2025-01-14;;
9801;13;10;2025-01-14;;
9803;43;41;2025-01-14;;
9812;32;32;2025-01-14;;
9815;38;9;2025-01-14;;
9823;6;0;2025-01-14;;
9845;5;5;2025-01-14;;
9847;6;0;2025-01-14;;
9860;16;2;2025-01-14;;
3032;11;11;2025-01-14;;
6628;0;16;2025-01-14;;
9808;27;18;2025-01-14;;
9810;9;7;2025-01-14;;
9832;40;40;2025-01-14;;
9848;0;40;2025-01-14;;
9858;10;10;2025-01-14;;
9495;0;22;2025-01-14;;
3004;105;105;2025-01-13;;
3047;76;55;2025-01-13;;
3048;16;0;2025-01-13;;
3049;52;86;2025-01-13;;
6110;91;0;2025-01-13;;
9723;101;0;2025-01-13;;
9875;33;33;2025-01-13;;
3558;62;22;2025-01-14;;
9875;95;95;2025-01-14;;
9952;53;29;2025-01-14;;
3044;36;70;2025-01-14;;
9042;117;105;2025-01-14;;
3041;144;80;2025-01-14;;
9944;153;45;2025-01-14;;
3042;110;59;2025-01-14;;
3036;33;36;2025-01-14;;
8454;24;46;2025-01-14;;
9874;28;30;2025-01-14;;
1190;59;72;2025-01-14;;
1190;45;48;2025-01-15;;
1365;135;133;2025-01-15;;
3035;82;78;2025-01-15;;
3044;73;63;2025-01-15;;
9874;38;38;2025-01-15;;
6891;180;243;2025-01-15;;
3034;135;116;2025-01-15;;
6064;357;226;2025-01-15;;
8454;16;16;2025-01-15;;
9944;7;46;2025-01-15;;
7020;62;43;2025-01-15;;
3167;92;82;2025-01-15;;
3919;129;117;2025-01-15;;
300;65;162;2025-01-15;;
1318;41;31;2025-01-15;;
1443;40;18;2025-01-15;;
2036;30;28;2025-01-15;;
3050;134;102;2025-01-15;;
3052;79;43;2025-01-15;;
5498;73;34;2025-01-15;;
6602;42;21;2025-01-15;;
6603;65;77;2025-01-15;;
9805;49;47;2025-01-15;;
9807;16;18;2025-01-15;;
9816;28;35;2025-01-15;;
9818;6;6;2025-01-15;;
9834;8;15;2025-01-15;;
9842;38;25;2025-01-15;;
9846;5;5;2025-01-15;;
9851;37;46;2025-01-15;;
9856;31;17;2025-01-15;;
6681;28;18;2025-01-15;;
9806;22;46;2025-01-15;;
9814;37;13;2025-01-15;;
9826;27;22;2025-01-15;;
9837;167;36;2025-01-15;;
1558;25;34;2025-01-15;;
3047;93;78;2025-01-15;;
3048;16;34;2025-01-15;;
6110;245;224;2025-01-15;;
7327;2;2;2025-01-15;;
5499;31;0;2025-01-16;;
9855;17;16;2025-01-16;;
700;12;8;2025-01-16;;
5174;75;27;2025-01-16;;
6488;21;14;2025-01-16;;
6625;32;17;2025-01-16;;
6626;24;24;2025-01-16;;
9801;18;7;2025-01-16;;
9809;14;22;2025-01-16;;
9811;54;30;2025-01-16;;
9812;122;101;2025-01-16;;
9815;32;29;2025-01-16;;
9817;42;24;2025-01-16;;
3026;14;14;2025-01-16;;
3027;22;0;2025-01-16;;
3032;13;13;2025-01-16;;
6639;14;0;2025-01-16;;
9806;38;0;2025-01-16;;
9808;41;22;2025-01-16;;
9835;9;7;2025-01-16;;
9836;25;29;2025-01-16;;
9848;42;23;2025-01-16;;
9849;30;3;2025-01-16;;
9888;28;0;2025-01-16;;
3047;65;136;2025-01-17;;
3049;34;15;2025-01-17;;
300;30;92;2025-01-17;;
1318;27;24;2025-01-17;;
1443;16;37;2025-01-17;;
2036;24;34;2025-01-17;;
3050;72;78;2025-01-17;;
3052;90;0;2025-01-17;;
5498;31;0;2025-01-17;;
6602;34;27;2025-01-17;;
6603;49;75;2025-01-17;;
1443;35;12;2025-01-18;;
3050;154;94;2025-01-18;;
3052;180;132;2025-01-18;;
5499;28;58;2025-01-18;;
6636;48;31;2025-01-18;;
1765;8;8;2025-01-17;;
6640;27;0;2025-01-17;;
6733;25;5;2025-01-17;;
9803;28;20;2025-01-17;;
9805;69;30;2025-01-17;;
9813;17;26;2025-01-17;;
9816;29;36;2025-01-17;;
9834;21;17;2025-01-17;;
9842;62;30;2025-01-17;;
9847;30;3;2025-01-17;;
9851;35;52;2025-01-17;;
6628;14;8;2025-01-17;;
6641;31;9;2025-01-17;;
6682;30;4;2025-01-17;;
9826;27;17;2025-01-17;;
9832;32;32;2025-01-17;;
9837;206;162;2025-01-17;;
9839;20;20;2025-01-17;;
9848;51;5;2025-01-17;;
1558;25;153;2025-01-17;;
3048;35;16;2025-01-17;;
6110;203;308;2025-01-17;;
3720;15;15;2025-01-18;;
6640;0;27;2025-01-18;;
9811;38;13;2025-01-18;;
9813;36;21;2025-01-18;;
9817;28;0;2025-01-18;;
9845;23;9;2025-01-18;;
1558;30;38;2025-01-18;;
3047;143;55;2025-01-18;;
3049;62;69;2025-01-18;;
300;70;46;2025-01-18;;
1318;11;12;2025-01-18;;
1443;0;0;2025-01-18;;
2036;5;20;2025-01-18;;
3050;44;27;2025-01-18;;
3052;0;0;2025-01-18;;
5498;100;44;2025-01-18;;
6602;0;0;2025-01-18;;
6603;30;50;2025-01-18;;
6636;52;42;2025-01-20;;
5174;11;32;2025-01-18;;
9806;28;26;2025-01-18;;
9849;16;22;2025-01-18;;
3720;25;25;2025-01-20;;
6625;28;29;2025-01-20;;
6626;18;18;2025-01-20;;
6627;17;21;2025-01-20;;
9803;57;32;2025-01-20;;
9805;73;71;2025-01-20;;
9816;36;39;2025-01-20;;
9817;0;28;2025-01-20;;
9827;6;14;2025-01-20;;
9842;40;43;2025-01-20;;
9851;40;58;2025-01-20;;
9856;25;28;2025-01-20;;
6628;26;0;2025-01-20;;
6639;13;23;2025-01-20;;
6681;4;7;2025-01-20;;
9806;23;23;2025-01-20;;
9810;7;8;2025-01-20;;
9826;21;27;2025-01-20;;
9837;126;137;2025-01-20;;
9839;23;27;2025-01-20;;
9849;26;18;2025-01-20;;
6636;52;42;2025-01-20;;
1558;50;25;2025-01-20;;
3047;90;224;2025-01-20;;
3048;15;34;2025-01-20;;
3049;61;53;2025-01-20;;
6110;12;0;2025-01-20;;
7327;2;2;2025-01-20;;
300;100;116;2025-01-20;;
1318;27;0;2025-01-20;;
1443;17;0;2025-01-20;;
2036;20;0;2025-01-20;;
3050;124;177;2025-01-20;;
3052;101;95;2025-01-20;;
5498;73;100;2025-01-20;;
6602;30;50;2025-01-20;;
6603;25;75;2025-01-20;;
3004;116;0;2025-01-16;;
3032;16;0;2025-01-21;;
6681;14;14;2025-01-21;;
9808;26;39;2025-01-21;;
9832;35;35;2025-01-21;;
9836;26;19;2025-01-21;;
9849;49;1;2025-01-21;;
9858;10;0;2025-01-21;;
9888;0;16;2025-01-21;;
9495;49;29;2025-01-21;;
700;6;15;2025-01-21;;
1765;6;11;2025-01-21;;
5174;60;55;2025-01-21;;
6488;5;6;2025-01-21;;
9474;9;9;2025-01-21;;
9801;19;28;2025-01-21;;
9805;0;27;2025-01-21;;
9807;13;1;2025-01-21;;
9812;48;69;2025-01-21;;
9815;14;21;2025-01-21;;
9845;8;11;2025-01-21;;
9851;0;36;2025-01-21;;
9860;16;20;2025-01-21;;
3004;425;409;2025-01-21;;
300;100;60;2025-01-22;;
1318;26;102;2025-01-22;;
1443;29;60;2025-01-22;;
2036;22;43;2025-01-22;;
3050;184;108;2025-01-22;;
3052;95;181;2025-01-22;;
5498;82;53;2025-01-22;;
6602;0;0;2025-01-22;;
6603;45;75;2025-01-22;;
9803;24;12;2025-01-22;;
9805;52;45;2025-01-22;;
9816;35;34;2025-01-22;;
9818;6;0;2025-01-22;;
9842;30;20;2025-01-22;;
9846;5;5;2025-01-22;;
9851;53;26;2025-01-22;;
3027;0;25;2025-01-22;;
6628;0;25;2025-01-22;;
9814;21;49;2025-01-22;;
9826;19;9;2025-01-22;;
9839;23;22;2025-01-22;;
6636;62;6;2025-01-23;;
1190;54;58;2025-01-16;;
9723;22;44;2025-01-16;;
6805;14;14;2025-01-16;;
3038;73;73;2025-01-16;;
3558;58;61;2025-01-16;;
3919;127;113;2025-01-16;;
9042;42;30;2025-01-16;;
6891;485;492;2025-01-16;;
3037;81;81;2025-01-16;;
3042;111;72;2025-01-16;;
3044;53;40;2025-01-16;;
3167;92;82;2025-01-16;;
8454;88;88;2025-01-16;;
5537;99;68;2025-01-16;;
3036;43;51;2025-01-16;;
9944;38;27;2025-01-16;;
1364;7;0;2025-01-17;;
9042;9;0;2025-01-17;;
8454;64;0;2025-01-17;;
9944;71;0;2025-01-17;;
9875;118;118;2025-01-17;;
1190;46;43;2025-01-17;;
1365;133;136;2025-01-17;;
3035;48;80;2025-01-17;;
3038;7;5;2025-01-17;;
3041;124;44;2025-01-17;;
3044;82;92;2025-01-17;;
3167;84;44;2025-01-17;;
3558;67;53;2025-01-17;;
3919;124;139;2025-01-17;;
6064;394;152;2025-01-17;;
6891;195;329;2025-01-17;;
9723;37;0;2025-01-17;;
9874;47;56;2025-01-17;;
1190;69;69;2025-01-18;;
9723;29;0;2025-01-18;;
3042;101;86;2025-01-18;;
8454;18;100;2025-01-18;;
9944;46;46;2025-01-18;;
3034;125;140;2025-01-18;;
3037;115;102;2025-01-18;;
7020;87;52;2025-01-18;;
7467;145;145;2025-01-20;;
3035;66;50;2025-01-20;;
3036;35;35;2025-01-20;;
3044;85;79;2025-01-20;;
3167;67;59;2025-01-20;;
3558;43;55;2025-01-20;;
5537;116;91;2025-01-20;;
8454;30;30;2025-01-20;;
9723;72;144;2025-01-20;;
9944;50;22;2025-01-20;;
1365;17;205;2025-01-20;;
6891;94;0;2025-01-20;;
6893;9;0;2025-01-20;;
3558;51;64;2025-01-21;;
1190;42;0;2025-01-21;;
6891;135;294;2025-01-21;;
9874;29;30;2025-01-21;;
3036;36;36;2025-01-21;;
9723;6;0;2025-01-21;;
3038;86;86;2025-01-21;;
3041;144;68;2025-01-21;;
9944;40;22;2025-01-21;;
8454;19;19;2025-01-21;;
9952;28;23;2025-01-21;;
9875;15;15;2025-01-20;;
9875;85;83;2025-01-21;;
9140;40;183;2025-01-21;;
7467;22;0;2025-01-21;;
700;5;5;2025-01-23;;
6488;5;15;2025-01-23;;
6625;10;0;2025-01-23;;
6626;9;9;2025-01-23;;
9801;25;13;2025-01-23;;
9809;16;21;2025-01-23;;
9812;81;61;2025-01-23;;
9815;24;0;2025-01-23;;
9856;15;19;2025-01-23;;
9860;20;21;2025-01-23;;
3032;15;16;2025-01-23;;
6639;10;1;2025-01-23;;
9808;34;17;2025-01-23;;
9888;11;1;2025-01-23;;
6805;8;8;2025-01-21;;
1365;427;431;2025-01-22;;
3035;65;60;2025-01-22;;
9874;40;42;2025-01-22;;
9140;0;186;2025-01-14;;
9140;0;153;2025-01-16;;
9140;0;149;2025-01-18;;
9140;382;260;2025-01-20;;
9140;372;281;2025-01-22;;
7020;60;65;2025-01-22;;
3044;37;83;2025-01-22;;
3042;53;32;2025-01-22;;
3034;122;126;2025-01-22;;
3919;133;154;2025-01-22;;
9944;64;80;2025-01-22;;
3167;92;107;2025-01-22;;
8454;20;20;2025-01-22;;
9723;21;0;2025-01-22;;
6891;150;0;2025-01-22;;
7020;20;0;2025-01-23;;
3037;67;71;2025-01-23;;
3036;29;35;2025-01-23;;
3042;21;6;2025-01-23;;
3044;61;40;2025-01-23;;
6891;615;523;2025-01-23;;
9723;43;55;2025-01-23;;
5537;96;0;2025-01-23;;
1190;39;47;2025-01-23;;
1365;308;170;2025-01-24;;
3036;4;4;2025-01-24;;
3558;39;41;2025-01-24;;
9944;61;61;2025-01-24;;
3044;35;78;2025-01-24;;
3041;58;49;2025-01-24;;
1190;35;41;2025-01-24;;
7467;38;38;2025-01-24;;
3035;49;83;2025-01-24;;
9875;62;62;2025-01-24;;
9140;173;10;2025-01-24;;
3042;49;32;2025-01-24;;
6891;312;325;2025-01-24;;
1558;60;67;2025-01-22;265474;
3047;96;30;2025-01-22;265475;
3048;1;17;2025-01-22;265493;
3049;55;52;2025-01-22;265473;
6110;670;0;2025-01-22;265500;
300;40;66;2025-01-24;265684;
1318;26;31;2025-01-24;265666;
1443;40;30;2025-01-24;246853;
2036;45;19;2025-01-24;265640;
3050;93;166;2025-01-24;265640;
3052;74;64;2025-01-24;260715;
5498;59;52;2025-01-24;246782;
6602;80;74;2025-01-24;246805;
6603;55;50;2025-01-24;265613;
1558;10;39;2025-01-24;265495;
3047;82;64;2025-01-24;265496;
3048;29;7;2025-01-24;265498;
3049;46;75;2025-01-24;265494;
3053;4;6;2025-01-24;265497;
6110;105;0;2025-01-24;265499;
1765;6;5;2025-01-24;;
3720;8;8;2025-01-24;;
5174;97;13;2025-01-24;;
6733;6;18;2025-01-24;;
9805;37;28;2025-01-24;;
9816;37;23;2025-01-24;;
9842;0;15;2025-01-24;;
9851;37;58;2025-01-24;;
9856;0;7;2025-01-24;;
6628;13;0;2025-01-24;;
6641;7;26;2025-01-24;;
6682;3;27;2025-01-24;;
9826;8;27;2025-01-24;;
9832;40;40;2025-01-24;;
9837;0;66;2025-01-24;;
9839;0;21;2025-01-24;;
3004;58;320;2025-01-25;;
9835;12;6;2025-01-25;;
300;180;56;2025-01-25;265685;
1318;32;25;2025-01-25;265668;
1443;15;0;2025-01-25;246854;
2036;27;0;2025-01-25;265615;
3050;174;103;2025-01-25;265641;
3052;148;97;2025-01-25;260716;
5498;123;100;2025-01-25;246783;
6602;0;0;2025-01-25;;
6603;0;0;2025-01-25;;
1558;45;21;2025-01-25;246827;
3047;167;141;2025-01-25;246828;
3049;67;31;2025-01-25;246826;
6625;5;22;2025-01-27;;
6626;6;6;2025-01-27;;
6627;8;13;2025-01-27;;
9803;18;23;2025-01-27;;
9805;31;56;2025-01-27;;
9811;0;93;2025-01-27;;
9813;0;11;2025-01-27;;
9816;35;30;2025-01-27;;
9827;6;4;2025-01-27;;
9842;10;25;2025-01-27;;
9851;29;12;2025-01-27;;
6628;19;13;2025-01-27;;
6639;12;12;2025-01-27;;
6681;13;14;2025-01-27;;
9810;8;8;2025-01-27;;
9826;17;17;2025-01-27;;
9835;14;15;2025-01-27;;
9837;21;48;2025-01-27;;
9839;6;10;2025-01-27;;
5499;43;28;2025-01-27;;
5780;12;12;2025-01-27;;
6636;32;61;2025-01-27;;
300;0;94;2025-01-27;265686;
1318;27;34;2025-01-27;265669;
1443;35;25;2025-01-27;246855;
2036;17;33;2025-01-27;265670;
3050;133;175;2025-01-27;265642;
3052;96;100;2025-01-27;260717;
5498;81;14;2025-01-27;246784;
6602;45;25;2025-01-27;246806;
6603;35;75;2025-01-27;265616;
1364;2;0;2025-01-25;;
1190;37;41;2025-01-25;;
3034;97;138;2025-01-25;;
3037;79;80;2025-01-25;;
3038;91;91;2025-01-25;;
9723;1;45;2025-01-25;;
9944;16;120;2025-01-25;;
3036;17;25;2025-01-27;;
3035;65;55;2025-01-27;;
3558;36;44;2025-01-27;;
1190;46;46;2025-01-27;;
1365;55;305;2025-01-27;;
3042;22;39;2025-01-27;;
5537;60;56;2025-01-27;;
8454;12;0;2025-01-27;;
9140;0;128;2025-01-23;;
9140;0;312;2025-01-25;;
9140;15;8;2025-01-27;;
3044;70;78;2025-01-27;;
8454;36;0;2025-01-24;;
3167;72;80;2025-01-27;;
7020;60;60;2025-01-27;;
6891;202;0;2025-01-27;;
6893;9;0;2025-01-27;;
7467;140;140;2025-01-27;;
9874;34;37;2025-01-27;;
9723;57;0;2025-01-27;;
9952;29;14;2025-01-28;;
1190;42;47;2025-01-28;;
6805;14;14;2025-01-28;;
9875;87;87;2025-01-28;;
3036;18;23;2025-01-28;;
3041;0;60;2025-01-15;;
3041;0;78;2025-01-22;;
3041;60;52;2025-01-28;;
3558;31;31;2025-01-28;;
8454;21;7;2025-01-28;;
9874;37;33;2025-01-28;;
9944;0;45;2025-01-23;;
9944;41;35;2025-01-27;;
9944;33;33;2025-01-28;;
1364;9;0;2025-01-28;;
700;8;6;2025-01-28;;
1765;12;12;2025-01-28;;
3720;11;11;2025-01-28;;
6488;7;21;2025-01-28;;
9474;26;26;2025-01-28;;
9801;15;28;2025-01-28;;
9817;0;30;2025-01-28;;
3032;9;14;2025-01-28;;
9814;24;22;2025-01-28;;
9837;49;54;2025-01-28;;
9839;5;17;2025-01-28;;
9495;34;47;2025-01-28;;
1558;55;0;2025-01-27;246829;
3047;117;0;2025-01-27;246830;
3048;13;9;2025-01-27;246832;
3049;55;85;2025-01-27;246831;
1558;65;80;2025-01-29;246834;
3047;111;109;2025-01-29;246835;
3048;20;16;2025-01-29;246836;
3049;54;54;2025-01-29;246833;
6110;120;252;2025-01-29;246837;
7327;3;3;2025-01-29;246838;
300;90;75;2025-01-29;265687;
1318;30;25;2025-01-29;265671;
1443;23;0;2025-01-29;246856;
2036;9;35;2025-01-29;246785;
3050;0;0;2025-01-29;;
3052;94;180;2025-01-29;260718;
5498;82;75;2025-01-29;246785;
6602;35;58;2025-01-29;246807;
6603;45;61;2025-01-29;265617;
3042;45;62;2025-01-28;;
3042;18;18;2025-01-28;;
3042;57;69;2025-01-29;;
1365;36;183;2025-01-29;;
3034;121;116;2025-01-29;;
3035;62;65;2025-01-29;;
3041;60;88;2025-01-29;;
3044;35;95;2025-01-29;;
3167;89;137;2025-01-29;;
6891;57;307;2025-01-29;;
9140;340;181;2025-01-27;;
9140;0;208;2025-01-28;;
9140;376;186;2025-01-29;;
9944;12;0;2025-01-29;;
9723;9;44;2025-01-29;;
5174;0;42;2025-01-29;;
9805;25;28;2025-01-29;;
9807;14;1;2025-01-29;;
9816;23;28;2025-01-29;;
9817;12;12;2025-01-29;;
9824;8;2;2025-01-29;;
9851;25;41;2025-01-29;;
6681;19;7;2025-01-29;;
9806;10;48;2025-01-29;;
9826;8;9;2025-01-29;;
9832;26;15;2025-01-29;;
9839;19;0;2025-01-29;;
9848;13;55;2025-01-29;;
7020;46;55;2025-01-30;;
3037;68;68;2025-01-30;;
6891;558;617;2025-01-30;;
5537;28;89;2025-01-30;;
3558;12;28;2025-01-30;;
3042;51;63;2025-01-30;;
3036;32;39;2025-01-30;;
3038;54;54;2025-01-30;;
3044;43;26;2025-01-30;;
9944;23;115;2025-01-30;;
8454;11;11;2025-01-30;;
9723;16;65;2025-01-30;;
1190;37;40;2025-01-29;;
5499;6;18;2025-01-30;;
6636;18;77;2025-01-30;;
9855;10;10;2025-01-30;;
700;3;4;2025-01-30;;
3004;0;182;2025-01-30;;
5174;0;16;2025-01-30;;
6625;2;0;2025-01-30;;
6626;1;1;2025-01-30;;
9801;9;16;2025-01-30;;
9809;7;18;2025-01-30;;
9812;33;53;2025-01-30;;
9815;8;52;2025-01-30;;
9856;8;22;2025-01-30;;
9860;5;13;2025-01-30;;
9808;10;31;2025-01-30;;
9836;1;27;2025-01-30;;
9849;6;31;2025-01-30;;
300;20;70;2025-01-31;;
1318;28;27;2025-01-31;265672;
1443;10;20;2025-01-31;;
2036;10;10;2025-01-31;265673;
3050;93;175;2025-01-31;265643;
3052;65;110;2025-01-31;;
5498;8;75;2025-01-31;246786;
6602;20;29;2025-01-31;;
6603;25;0;2025-01-31;265618;
1190;23;27;2025-01-31;;
6891;538;254;2025-01-31;;
3035;66;110;2025-01-31;;
1365;135;46;2025-01-31;;
3034;130;100;2025-01-31;;
3038;18;102;2025-01-31;;
3041;47;94;2025-01-31;;
3042;80;59;2025-01-31;;
3044;52;79;2025-01-31;;
3558;26;31;2025-01-31;;
6064;185;95;2025-01-31;;
7020;15;21;2025-01-31;;
8454;25;25;2025-01-31;;
9723;8;26;2025-01-31;;
9874;52;54;2025-01-31;;
9875;76;76;2025-01-31;;
9944;72;22;2025-01-31;;
1558;30;64;2025-01-31;246840;
3047;66;275;2025-01-31;246841;
3048;27;13;2025-01-31;246843;
3049;37;45;2025-01-31;246839;
3053;7;5;2025-01-31;246842;
6110;15;84;2025-01-31;246844;
3004;249;193;2025-01-31;;
300;130;33;2025-02-01;265689;
1318;53;15;2025-02-01;265674;
1443;40;14;2025-02-01;246858;
2036;5;0;2025-02-01;265675;
3050;145;48;2025-02-01;265645;
3052;138;60;2025-02-01;260720;
5498;104;78;2025-02-01;246787;
6602;10;0;2025-02-01;246809;
6603;10;0;2025-02-01;265619;
1765;9;0;2025-01-31;;
3720;14;14;2025-01-31;;
6733;9;14;2025-01-31;;
9805;29;15;2025-01-31;;
9816;25;0;2025-01-31;;
9842;28;40;2025-01-31;;
9851;19;38;2025-01-31;;
6628;8;17;2025-01-31;;
6641;11;14;2025-01-31;;
6682;11;6;2025-01-31;;
9806;12;11;2025-01-31;;
9814;36;29;2025-01-31;;
9826;7;16;2025-01-31;;
9832;34;25;2025-01-31;;
9837;23;30;2025-01-31;;
9839;13;21;2025-01-31;;
9848;34;32;2025-01-31;;
9858;11;20;2025-01-31;;
1558;50;13;2025-02-01;;
3047;132;37;2025-02-01;;
3049;60;33;2025-02-01;;
6110;0;420;2025-02-01;;
300;40;93;2025-02-03;265690;
1318;0;0;2025-02-03;;
1443;0;0;2025-02-03;;
2036;0;0;2025-02-03;;
3050;0;0;2025-02-03;;
3052;86;104;2025-02-03;260721;
5498;71;75;2025-02-03;246788;
6602;0;0;2025-02-03;;
6603;0;0;2025-02-03;;
6636;67;28;2025-02-03;;
3038;84;0;2025-02-01;;
1190;38;41;2025-02-01;;
3037;63;63;2025-02-01;;
500;5;13;2025-02-01;;
8454;40;94;2025-02-01;;
9723;78;112;2025-02-01;;
9140;0;174;2025-01-30;;
9140;0;157;2025-02-01;;
1190;31;28;2025-02-03;;
3167;65;59;2025-02-03;;
6893;8;8;2025-02-03;;
5537;25;56;2025-02-03;;
3558;25;25;2025-02-03;;
3036;20;20;2025-02-03;;
9944;53;23;2025-02-03;;
6064;246;161;2025-02-03;;
7467;125;125;2025-02-03;;
3044;79;62;2025-02-03;;
8454;17;0;2025-02-03;;
1365;170;173;2025-02-03;;
9042;143;157;2025-01-20;;
9042;128;169;2025-02-03;;
6625;10;30;2025-02-03;;
6626;12;12;2025-02-03;;
6627;8;5;2025-02-03;;
9805;30;41;2025-02-03;;
9807;0;11;2025-02-03;;
9816;24;43;2025-02-03;;
9827;4;3;2025-02-03;;
9842;19;34;2025-02-03;;
9851;16;52;2025-02-03;;
9856;14;3;2025-02-03;;
6628;13;10;2025-02-03;;
6639;11;21;2025-02-03;;
6681;6;11;2025-02-03;;
9810;8;7;2025-02-03;;
9826;13;18;2025-02-03;;
9837;78;100;2025-02-03;;
300;0;0;2025-02-03;;
1318;20;27;2025-02-03;246976;
1443;30;80;2025-02-03;246859;
2036;4;18;2025-02-03;265647;
3050;0;0;2025-02-03;;
3052;0;0;2025-02-03;;
5498;0;0;2025-02-03;;
6602;20;53;2025-02-03;246810;
6603;40;55;2025-02-03;265620;
9875;74;74;2025-02-04;;
3041;74;45;2025-02-04;;
1190;37;36;2025-02-04;;
3036;32;32;2025-02-04;;
3042;13;44;2025-02-04;;
3558;45;45;2025-02-04;;
6805;11;11;2025-02-04;;
7020;75;12;2025-02-04;;
8454;34;0;2025-02-04;;
9944;86;47;2025-02-04;;
9952;33;54;2025-02-04;;
700;3;5;2025-02-04;;
1765;3;23;2025-02-04;;
6488;10;11;2025-02-04;;
9474;37;37;2025-02-04;;
9801;11;0;2025-02-04;;
9812;26;26;2025-02-04;;
9815;11;5;2025-02-04;;
9817;19;26;2025-02-04;;
9860;9;17;2025-02-04;;
3032;9;15;2025-02-04;;
9808;17;17;2025-02-04;;
9832;22;40;2025-02-04;;
9849;14;14;2025-02-04;;
9495;32;38;2025-02-04;;
1558;55;0;2025-02-03;246850;
3047;85;107;2025-02-03;246876;
3048;15;41;2025-02-03;246877;
3049;55;71;2025-02-03;246849;
300;50;83;2025-02-05;265691;
1318;30;34;2025-02-05;246977;
1443;22;0;2025-02-05;246860;
2036;21;0;2025-02-05;246978;
3050;91;190;2025-02-05;265646;
3052;87;135;2025-02-05;260722;
5498;63;100;2025-02-05;246811;
6602;50;20;2025-02-05;246811;
6603;30;0;2025-02-05;265621;
1190;48;63;2025-02-05;;
3034;105;138;2025-02-05;;
3042;40;36;2025-02-05;;
1365;9;135;2025-02-05;;
3041;69;88;2025-02-05;;
3035;70;66;2025-02-05;;
3919;6;253;2025-01-31;;
3919;100;113;2025-02-05;;
9944;25;110;2025-02-05;;
9723;15;22;2025-02-05;;
6064;275;210;2025-02-05;;
7020;3;10;2025-02-05;;
3044;87;78;2025-02-05;;
9803;22;86;2025-02-05;;
9805;31;41;2025-02-05;;
9807;11;13;2025-02-05;;
9812;37;37;2025-02-05;;
9816;11;34;2025-02-05;;
9842;30;23;2025-02-05;;
9847;0;28;2025-02-05;;
9851;14;40;2025-02-05;;
9814;24;17;2025-02-05;;
9826;19;14;2025-02-05;;
9837;17;21;2025-02-05;;
9839;28;18;2025-02-05;;
3167;83;110;2025-02-05;;
6805;6;6;2025-02-06;;
3036;39;41;2025-02-06;;
3038;34;36;2025-02-06;;
3042;58;46;2025-02-06;;
3558;33;33;2025-02-06;;
5537;44;38;2025-02-06;;
6891;275;144;2025-02-06;;
8454;45;0;2025-02-06;;
9874;31;48;2025-02-06;;
9944;88;39;2025-02-06;;
1558;10;84;2025-02-05;246879;
3047;85;133;2025-02-05;246880;
3049;57;51;2025-02-05;246878;
6110;160;224;2025-02-05;246881;
3004;146;419;2025-02-05;;
5499;15;23;2025-02-06;;
6633;24;35;2025-02-06;;
6636;59;88;2025-02-06;;
6703;25;45;2025-02-06;;
9855;11;11;2025-02-06;;
700;12;11;2025-02-06;;
5174;36;73;2025-02-06;;
6488;22;12;2025-02-06;;
6625;18;12;2025-02-06;;
6626;21;21;2025-02-06;;
9801;18;16;2025-02-06;;
9809;12;1;2025-02-06;;
9811;18;55;2025-02-06;;
9815;24;29;2025-02-06;;
9817;17;18;2025-02-06;;
9818;5;0;2025-02-06;;
9824;7;9;2025-02-06;;
9846;5;6;2025-02-06;;
9856;13;15;2025-02-06;;
9860;12;6;2025-02-06;;
3032;21;16;2025-02-06;;
6639;10;0;2025-02-06;;
6681;8;8;2025-02-06;;
9806;16;16;2025-02-06;;
9808;20;19;2025-02-06;;
9836;15;3;2025-02-06;;
9849;6;7;2025-02-06;;
9858;9;5;2025-02-06;;
300;30;90;2025-02-07;265692;
1318;24;44;2025-02-07;;
1443;0;0;2025-02-07;;
2036;0;0;2025-02-07;;
3050;66;102;2025-02-07;265648;
3052;67;145;2025-02-07;260723;
5498;24;150;2025-02-07;246791;
6602;21;43;2025-02-07;246812;
6603;30;0;2025-02-07;;
3047;34;110;2025-02-07;;
3048;21;18;2025-02-07;;
3049;32;44;2025-02-07;;
3053;6;9;2025-02-07;;
3004;169;266;2025-02-07;;
300;65;35;2025-02-08;265693;
1318;31;10;2025-02-08;246980;
1443;0;0;2025-02-08;;
2036;13;36;2025-02-08;246981;
3050;125;62;2025-02-08;265649;
3052;132;55;2025-02-08;260724;
5498;74;66;2025-02-08;246792;
6602;0;0;2025-02-08;;
6603;0;0;2025-02-08;;
1765;13;4;2025-02-07;;
6640;11;11;2025-02-07;;
6733;9;11;2025-02-07;;
9803;26;23;2025-02-07;;
9805;30;9;2025-02-07;;
9816;17;21;2025-02-07;;
9842;32;29;2025-02-07;;
9847;15;4;2025-02-07;;
9851;30;3;2025-02-07;;
3031;7;7;2025-02-07;;
6628;8;13;2025-02-07;;
6641;10;10;2025-02-07;;
6682;9;6;2025-02-07;;
9814;17;17;2025-02-07;;
9826;11;16;2025-02-07;;
9832;30;26;2025-02-07;;
9837;60;79;2025-02-07;;
9839;10;17;2025-02-07;;
9848;15;47;2025-02-07;;
1558;5;96;2025-02-08;;
3047;108;79;2025-02-08;;
3049;59;33;2025-02-08;;
6110;0;280;2025-02-08;;
300;40;66;2025-02-10;265694;
1318;26;40;2025-02-10;246982;
1443;0;0;2025-02-10;;
2036;0;0;2025-02-10;;
3050;0;0;2025-02-10;;
3052;122;120;2025-02-10;;
5498;70;109;2025-02-10;246793;
6602;16;25;2025-02-10;246813;
6603;36;0;2025-02-10;265623;
6625;10;11;2025-02-10;;
6626;9;9;2025-02-10;;
6627;16;17;2025-02-10;;
9805;29;32;2025-02-10;;
9813;13;12;2025-02-10;;
9816;20;21;2025-02-10;;
9827;6;2;2025-02-10;;
9842;19;32;2025-02-10;;
9845;7;19;2025-02-10;;
9851;30;26;2025-02-10;;
9856;12;11;2025-02-10;;
6628;21;8;2025-02-10;;
6681;6;18;2025-02-10;;
9810;8;8;2025-02-10;;
9837;72;73;2025-02-10;;
9839;16;21;2025-02-10;;
1364;19;38;2025-02-07;;
3919;14;21;2025-02-07;;
9875;55;55;2025-02-07;;
3035;13;63;2025-02-07;;
3041;75;49;2025-02-07;;
9140;0;101;2025-02-06;;
9140;0;128;2025-02-04;;
9140;315;192;2025-02-07;;
8454;35;20;2025-02-07;;
3042;40;83;2025-02-07;;
3558;26;27;2025-02-07;;
9874;38;33;2025-02-07;;
1190;31;31;2025-02-07;;
9723;48;127;2025-02-07;;
1364;4;66;2025-02-08;;
3034;108;119;2025-02-08;;
3037;33;41;2025-02-08;;
3038;65;65;2025-02-08;;
3167;25;13;2025-02-08;;
6891;75;494;2025-02-08;;
7020;38;53;2025-02-08;;
9723;81;0;2025-02-08;;
1190;33;33;2025-02-08;;
3035;66;20;2025-02-10;;
3044;93;75;2025-02-10;;
3167;57;61;2025-02-10;;
3558;29;29;2025-02-10;;
5537;53;63;2025-02-10;;
1365;25;91;2025-02-10;;
7467;84;84;2025-02-10;;
8454;8;21;2025-02-10;;
9944;0;128;2025-02-08;;
9944;1;1;2025-02-10;;
6893;9;9;2025-02-10;;
9042;132;146;2025-02-10;;
9140;0;168;2025-02-08;;
9140;281;182;2025-02-10;;
1190;44;48;2025-02-11;;
9944;69;44;2025-02-11;;
8454;14;0;2025-02-11;;
3041;11;54;2025-02-11;;
3037;51;51;2025-02-11;;
3036;32;35;2025-02-11;;
3038;36;36;2025-02-11;;
3042;34;25;2025-02-11;;
3558;19;22;2025-02-11;;
7020;9;9;2025-02-11;;
9874;36;39;2025-02-11;;
9875;36;38;2025-02-11;;
9952;0;38;2025-02-06;;
9952;35;32;2025-02-11;;
1765;6;9;2025-02-11;;
5174;27;40;2025-02-11;;
6488;10;15;2025-02-11;;
9801;7;15;2025-02-11;;
9815;11;15;2025-02-11;;
9817;21;22;2025-02-11;;
9823;8;5;2025-02-11;;
9840;8;0;2025-02-11;;
9860;11;10;2025-02-11;;
3031;4;4;2025-02-11;;
3032;12;12;2025-02-11;;
6628;0;13;2025-02-11;;
9806;16;15;2025-02-11;;
9808;21;44;2025-02-11;;
9832;32;38;2025-02-11;;
9848;21;18;2025-02-11;;
9849;19;16;2025-02-11;;
1558;30;27;2025-02-10;;
3047;91;92;2025-02-10;;
3048;21;24;2025-02-10;;
3049;61;77;2025-02-10;;
6110;65;0;2025-02-10;;
7327;1;1;2025-02-10;;
5780;10;10;2025-02-10;;
6636;37;42;2025-02-10;;
300;65;67;2025-02-12;265695;
1318;26;36;2025-02-12;246983;
1443;32;54;2025-02-12;246861;
2036;0;0;2025-02-12;;
3050;0;0;2025-02-12;;
3052;124;138;2025-02-12;246951;
5498;71;63;2025-02-12;246794;
6602;0;0;2025-02-12;;
6603;45;25;2025-02-12;265624;
1364;18;25;2025-02-12;;
1365;92;131;2025-02-12;;
3034;130;120;2025-02-12;;
3035;68;70;2025-02-12;;
3041;24;48;2025-02-12;;
3042;60;88;2025-02-12;;
3044;90;90;2025-02-12;;
3167;81;105;2025-02-12;;
3919;110;139;2025-02-12;;
9140;0;103;2025-02-11;;
6064;234;160;2025-02-12;;
7020;52;63;2025-02-12;;
8454;12;90;2025-02-12;;
9944;24;24;2025-02-12;;
9803;30;27;2025-02-12;;
9805;26;31;2025-02-12;;
9816;21;30;2025-02-12;;
9818;5;4;2025-02-12;;
9834;11;8;2025-02-12;;
9842;23;19;2025-02-12;;
9846;6;6;2025-02-12;;
9851;15;37;2025-02-12;;
3026;8;8;2025-02-12;;
3027;6;6;2025-02-12;;
9814;8;31;2025-02-12;;
9826;13;22;2025-02-12;;
9837;15;45;2025-02-12;;
9839;19;14;2025-02-12;;
6805;10;10;2025-02-13;;
1190;39;42;2025-02-12;;
5537;34;132;2025-02-13;;
3036;35;39;2025-02-13;;
3038;39;39;2025-02-13;;
3042;59;81;2025-02-13;;
6891;105;302;2025-02-13;;
8454;21;18;2025-02-13;;
9944;65;65;2025-02-13;;
1558;45;53;2025-02-12;;
3047;94;80;2025-02-12;;
3049;61;41;2025-02-12;;
6110;65;168;2025-02-12;;
5499;19;25;2025-02-13;;
6636;21;32;2025-02-13;;
6488;7;8;2025-02-13;;
6625;9;12;2025-02-13;;
6626;17;17;2025-02-13;;
9801;17;11;2025-02-13;;
9807;12;0;2025-02-13;;
9809;12;17;2025-02-13;;
9812;65;45;2025-02-13;;
9815;19;11;2025-02-13;;
9856;17;14;2025-02-13;;
9860;8;4;2025-02-13;;
3032;12;6;2025-02-13;;
6639;5;15;2025-02-13;;
9806;25;19;2025-02-13;;
9808;19;21;2025-02-13;;
9835;10;14;2025-02-13;;
9836;7;14;2025-02-13;;
9849;32;16;2025-02-13;;
9888;15;23;2025-02-13;;
300;185;75;2025-02-14;265696;
1318;47;8;2025-02-14;246984;
1443;15;0;2025-02-14;246862;
2036;22;24;2025-02-14;246863;
3050;185;127;2025-02-14;265650;
3052;196;131;2025-02-14;246952;
5498;102;73;2025-02-14;246795;
6602;60;25;2025-02-14;246815;
6603;50;0;2025-02-14;265625;
9140;191;105;2025-02-14;;
1190;34;34;2025-02-14;;
3041;65;44;2025-02-14;;
3037;30;30;2025-02-14;;
3558;23;23;2025-02-14;;
3558;24;24;2025-02-14;;
1365;149;189;2025-02-14;;
9875;66;66;2025-02-14;;
3035;13;63;2025-02-14;;
3042;23;52;2025-02-14;;
9723;43;22;2025-02-14;;
8454;74;0;2025-02-14;;
9944;71;21;2025-02-14;;
6891;115;343;2025-02-14;;
3044;64;68;2025-02-14;;
9874;28;33;2025-02-14;;
1765;7;5;2025-02-14;;
3030;10;10;2025-02-14;;
3720;10;10;2025-02-14;;
5174;19;25;2025-02-14;;
6640;13;13;2025-02-14;;
6733;13;11;2025-02-14;;
9803;22;17;2025-02-14;;
9805;34;48;2025-02-14;;
9816;14;17;2025-02-14;;
9842;29;23;2025-02-14;;
9851;14;10;2025-02-14;;
6628;6;8;2025-02-14;;
6641;16;16;2025-02-14;;
6682;12;13;2025-02-14;;
9814;16;7;2025-02-14;;
9826;15;14;2025-02-14;;
9832;21;21;2025-02-14;;
9837;21;26;2025-02-14;;
9839;16;13;2025-02-14;;
9858;7;10;2025-02-14;;
1558;115;29;2025-02-14;;
3047;156;70;2025-02-14;;
3048;33;16;2025-02-14;;
3049;110;36;2025-02-14;;
3053;8;3;2025-02-14;;
6110;65;0;2025-02-14;;
3004;267;311;2025-02-14;;
300;100;122;2025-02-17;246986;
1318;17;61;2025-02-17;246985;
1443;20;56;2025-02-17;246864;
2036;11;0;2025-02-17;246986;
3050;0;0;2025-02-17;;
3052;78;130;2025-02-17;246953;
5498;59;69;2025-02-17;246796;
6602;52;52;2025-02-17;246816;
6603;30;40;2025-02-17;246901;
3030;2;2;2025-02-17;;
6625;12;12;2025-02-17;;
6626;15;15;2025-02-17;;
6627;7;14;2025-02-17;;
9803;22;15;2025-02-17;;
9805;37;42;2025-02-17;;
9807;0;12;2025-02-17;;
9811;16;17;2025-02-17;;
9816;19;16;2025-02-17;;
9827;6;7;2025-02-17;;
9842;24;29;2025-02-17;;
9845;8;7;2025-02-17;;
9851;21;29;2025-02-17;;
9856;9;14;2025-02-17;;
6628;17;6;2025-02-17;;
6639;10;14;2025-02-17;;
6681;10;7;2025-02-17;;
9810;11;8;2025-02-17;;
9814;12;13;2025-02-17;;
9826;17;15;2025-02-17;;
9837;35;44;2025-02-17;;
9839;14;13;2025-02-17;;
9849;0;35;2025-02-17;;
5499;14;15;2025-02-17;;
6636;39;15;2025-02-17;;
3047;88;56;2025-02-17;;
3048;20;27;2025-02-17;;
3049;64;106;2025-02-17;;
6110;100;0;2025-02-17;;
7327;5;5;2025-02-17;;
3004;107;210;2025-02-17;;
700;16;13;2025-02-18;;
1765;11;6;2025-02-18;;
5174;44;26;2025-02-18;;
6488;5;13;2025-02-18;;
9801;14;27;2025-02-18;;
9812;40;74;2025-02-18;;
9813;6;13;2025-02-18;;
9815;18;25;2025-02-18;;
9817;16;14;2025-02-18;;
9847;6;11;2025-02-18;;
9860;12;19;2025-02-18;;
3031;9;9;2025-02-18;;
3032;17;15;2025-02-18;;
9806;9;32;2025-02-18;;
9808;14;20;2025-02-18;;
9832;23;23;2025-02-18;;
9848;16;21;2025-02-18;;
9495;22;32;2025-02-18;;
300;60;46;2025-02-19;265698;
1318;27;25;2025-02-19;246987;
1443;38;30;2025-02-19;246865;
2036;0;0;2025-02-19;;
3050;75;209;2025-02-19;246926;
3052;74;156;2025-02-19;246954;
5498;43;30;2025-02-19;246797;
6602;25;30;2025-02-19;246817;
6603;45;50;2025-02-19;246902;
1364;17;0;2025-02-14;;
6064;20;0;2025-02-14;;
3167;0;44;2025-02-15;;
3167;31;0;2025-02-15;;
7020;37;9;2025-02-15;;
9723;59;41;2025-02-15;;
3038;93;93;2025-02-15;;
9140;28;60;2025-02-15;;
3034;104;104;2025-02-17;;
1190;33;33;2025-02-17;;
3035;67;15;2025-02-17;;
3044;85;61;2025-02-17;;
3167;58;0;2025-02-17;;
6891;80;0;2025-02-17;;
3558;28;28;2025-02-17;;
5537;46;54;2025-02-17;;
6893;8;8;2025-02-17;;
7467;132;132;2025-02-17;;
8454;27;27;2025-02-17;;
9042;148;125;2025-02-17;;
9140;175;208;2025-02-17;;
6064;0;196;2025-02-13;;
9874;33;32;2025-02-17;;
9944;40;100;2025-02-17;;
1365;28;102;2025-02-17;;
3036;19;22;2025-02-18;;
3037;44;44;2025-02-18;;
3041;61;57;2025-02-18;;
3042;55;62;2025-02-19;;
3558;33;33;2025-02-18;;
8454;19;0;2025-02-18;;
9875;42;42;2025-02-18;;
9944;39;29;2025-02-18;;
9723;7;0;2025-02-18;;
6064;0;71;2025-02-18;;
1190;31;31;2025-02-18;;
1365;33;84;2025-02-19;;
3034;110;108;2025-02-19;;
3035;62;68;2025-02-19;;
3042;69;129;2025-02-19;;
3044;64;80;2025-02-19;;
3167;78;48;2025-02-19;;
3919;105;228;2025-02-19;;
6064;228;118;2025-02-19;;
7020;58;41;2025-02-19;;
9944;14;21;2025-02-19;;
9952;29;38;2025-02-19;;
3041;51;39;2025-02-19;;
6891;76;0;2025-02-19;;
3036;41;52;2025-02-20;;
3038;8;88;2025-02-20;;
3042;85;65;2025-02-20;;
3558;34;34;2025-02-20;;
5537;54;35;2025-02-20;;
6891;375;592;2025-02-20;;
8454;32;0;2025-02-20;;
9723;6;22;2025-02-20;;
9874;29;0;2025-02-20;;
9803;13;24;2025-02-19;;
9805;23;53;2025-02-19;;
9807;11;11;2025-02-19;;
9811;10;14;2025-02-19;;
9816;13;20;2025-02-19;;
9818;5;7;2025-02-19;;
9842;16;24;2025-02-19;;
9851;15;3;2025-02-19;;
3027;9;9;2025-02-19;;
6681;20;10;2025-02-19;;
9814;8;28;2025-02-19;;
9826;14;16;2025-02-19;;
9837;45;70;2025-02-19;;
9839;8;16;2025-02-19;;
1558;15;10;2025-02-19;172190;
3047;88;79;2025-02-19;172191;
3048;20;32;2025-02-19;172192;
3049;55;66;2025-02-19;172189;
6110;111;168;2025-02-19;172193;
5174;17;41;2025-02-20;;
6625;10;13;2025-02-20;;
6626;4;4;2025-02-20;;
9801;23;2;2025-02-20;;
9805;0;11;2025-02-20;;
9809;17;12;2025-02-20;;
9812;61;47;2025-02-20;;
9815;23;12;2025-02-20;;
9817;6;3;2025-02-20;;
9856;19;10;2025-02-20;;
3026;6;6;2025-02-20;;
3029;10;10;2025-02-20;;
6639;8;10;2025-02-20;;
9808;8;18;2025-02-20;;
9835;7;9;2025-02-20;;
9836;12;7;2025-02-20;;
9849;23;42;2025-02-20;;
9888;9;17;2025-02-20;;
9495;27;21;2025-02-20;;
300;60;42;2025-02-21;265699;
1318;54;40;2025-02-21;246988;
1443;40;24;2025-02-21;246866;
2036;0;0;2025-02-21;-;
3050;165;65;2025-02-21;246927;
3052;106;85;2025-02-21;246955;
5498;102;100;2025-02-21;246798;
6602;40;60;2025-02-21;246818;
6603;50;30;2025-02-21;246903;
1190;35;30;2025-02-21;;
1365;189;72;2025-02-21;;
3037;46;46;2025-02-21;;
3041;50;53;2025-02-21;;
3044;52;75;2025-02-21;;
3558;30;30;2025-02-21;;
6064;0;71;2025-02-20;;
6064;174;106;2025-02-21;;
6891;336;97;2025-02-21;;
8454;30;24;2025-02-21;;
9140;6;6;2025-02-21;;
9723;76;22;2025-02-21;;
9874;33;18;2025-02-21;;
9875;63;63;2025-02-21;;
5499;18;16;2025-02-20;;
6636;18;39;2025-02-20;;
1765;6;12;2025-02-21;;
3030;9;9;2025-02-21;;
6640;9;9;2025-02-21;;
6733;18;11;2025-02-21;;
9803;22;10;2025-02-21;;
9805;31;24;2025-02-21;;
9816;13;18;2025-02-21;;
9842;20;17;2025-02-21;;
9847;10;7;2025-02-21;;
9851;26;20;2025-02-21;;
6628;7;16;2025-02-21;;
6641;13;13;2025-02-21;;
6682;11;7;2025-02-21;;
9814;15;7;2025-02-21;;
9826;13;12;2025-02-21;;
9832;24;27;2025-02-21;;
9837;40;37;2025-02-21;;
9839;11;12;2025-02-21;;
9848;18;17;2025-02-21;;
1558;25;135;2025-02-21;;
3047;136;194;2025-02-21;;
3049;79;72;2025-02-21;;
6110;30;0;2025-02-21;;
7327;3;3;2025-02-21;;
3004;318;131;2025-02-21;;
5780;6;6;2025-02-24;;
6636;66;4;2025-02-24;;
300;70;119;2025-02-24;265700;
1318;28;53;2025-02-24;246989;
1443;38;35;2025-02-24;246867;
2036;0;0;2025-02-24;;
3050;78;139;2025-02-24;246928;
3052;55;75;2025-02-24;246956;
5498;56;70;2025-02-24;246799;
6602;25;0;2025-02-24;246819;
6603;25;28;2025-02-24;246904;
6625;12;14;2025-02-24;;
6626;14;14;2025-02-24;;
6627;12;10;2025-02-24;;
9803;26;21;2025-02-24;;
9805;32;45;2025-02-24;;
9811;12;29;2025-02-24;;
9816;32;18;2025-02-24;;
9842;19;14;2025-02-24;;
9851;18;29;2025-02-24;;
9856;11;15;2025-02-24;;
6628;25;8;2025-02-24;;
6639;0;8;2025-02-24;;
6681;3;15;2025-02-24;;
9806;12;20;2025-02-24;;
9810;10;11;2025-02-24;;
9814;21;15;2025-02-24;;
9826;15;11;2025-02-24;;
9837;44;64;2025-02-24;;
3047;57;171;2025-02-24;172208;
3048;13;20;2025-02-24;172209;
3049;28;91;2025-02-24;172207;
6110;20;0;2025-02-24;172210;
3034;95;95;2025-02-22;;
3038;80;0;2025-02-22;;
3167;0;116;2025-02-20;;
3167;36;46;2025-02-22;;
6891;133;0;2025-02-22;;
7020;75;147;2025-02-22;;
9875;21;21;2025-02-22;;
500;7;7;2025-02-22;;
1190;26;34;2025-02-24;;
1365;43;99;2025-02-24;;
3035;50;68;2025-02-24;;
3044;88;88;2025-02-24;;
3167;57;98;2025-02-24;;
3558;32;32;2025-02-24;;
5537;64;92;2025-02-24;;
6891;104;0;2025-02-24;;
6893;11;11;2025-02-24;;
7467;115;115;2025-02-24;;
8454;36;23;2025-02-24;;
9944;180;142;2025-02-24;;
9140;0;39;2025-02-22;;
9140;217;214;2025-02-24;;
1765;8;6;2025-02-25;;
5174;35;35;2025-02-25;;
6488;14;3;2025-02-25;;
9812;38;38;2025-02-25;;
9813;11;9;2025-02-25;;
9815;12;14;2025-02-25;;
9817;14;8;2025-02-25;;
9847;10;0;2025-02-25;;
9860;5;13;2025-02-25;;
3032;15;15;2025-02-25;;
9808;21;9;2025-02-25;;
9832;35;35;2025-02-25;;
9848;16;17;2025-02-25;;
9849;18;23;2025-02-25;;
9858;15;15;2025-02-25;;
9495;22;28;2025-02-25;;
3004;77;0;2025-02-25;;
300;65;38;2025-02-26;172326;
1318;33;14;2025-02-26;246990;
1443;18;32;2025-02-26;246868;
2036;0;0;2025-02-26;;
3050;63;77;2025-02-26;246929;
3052;61;93;2025-02-26;246957;
5498;51;120;2025-02-26;246800;
6602;42;50;2025-02-26;246820;
6603;45;70;2025-02-26;246905;
6064;9;0;2025-02-24;;
1364;5;0;2025-02-24;;
9723;3;0;2025-02-24;;
1190;30;30;2025-02-25;;
3036;22;27;2025-02-25;;
3037;23;23;2025-02-25;;
3041;75;44;2025-02-25;;
3042;22;39;2025-02-25;;
3558;33;33;2025-02-25;;
9723;10;26;2025-02-25;;
9874;34;38;2025-02-25;;
9875;59;59;2025-02-25;;
9944;0;37;2025-02-25;;
9803;15;25;2025-02-26;;
9805;34;13;2025-02-26;;
9807;8;0;2025-02-26;;
9818;5;5;2025-02-26;;
9824;7;8;2025-02-26;;
9834;5;0;2025-02-26;;
9842;28;21;2025-02-26;;
9846;4;5;2025-02-26;;
9851;16;25;2025-02-26;;
6681;10;7;2025-02-26;;
9814;11;18;2025-02-26;;
9826;10;10;2025-02-26;;
9837;33;44;2025-02-26;;
9839;15;21;2025-02-26;;
3047;69;63;2025-02-26;172214;
3048;12;10;2025-02-26;172215;
3049;49;30;2025-02-26;172213;
6110;185;306;2025-02-26;172212;
5499;16;22;2025-02-27;;
6636;47;32;2025-02-27;;
3004;106;122;2025-02-27;;
5174;71;10;2025-02-27;;
6625;9;6;2025-02-27;;
9811;13;1;2025-02-27;;
9812;16;16;2025-02-27;;
6626;7;7;2025-02-27;;
9856;9;13;2025-02-27;;
700;4;4;2025-02-27;;
6639;1;0;2025-02-27;;
9806;7;11;2025-02-27;;
9808;26;20;2025-02-27;;
9849;12;44;2025-02-27;;
9495;34;19;2025-02-27;;
300;153;48;2025-02-28;172327;
1318;82;30;2025-02-28;246991;
1443;35;26;2025-02-28;246869;
2036;0;0;2025-02-28;;
3050;169;58;2025-02-28;246930;
3052;137;72;2025-02-28;246958;
5498;116;70;2025-02-28;172351;
6602;55;16;2025-02-28;246821;
6603;50;37;2025-02-28;246906;
1190;22;22;2025-02-27;;
3036;35;39;2025-02-27;;
3037;31;31;2025-02-27;;
3038;69;159;2025-02-27;;
3042;59;62;2025-02-27;;
3558;58;58;2025-02-27;;
5537;78;40;2025-02-27;;
6805;10;10;2025-02-27;;
6891;100;0;2025-02-27;;
8454;46;21;2025-02-27;;
9723;70;54;2025-02-27;;
9874;20;28;2025-02-27;;
9944;73;73;2025-02-27;;
1190;38;38;2025-02-28;;
1365;71;105;2025-02-28;;
3036;5;5;2025-02-28;;
3037;7;7;2025-02-28;;
3041;76;48;2025-02-28;;
3044;72;78;2025-02-28;;
3558;6;6;2025-02-28;;
6064;353;222;2025-02-28;;
7020;0;33;2025-02-27;;
7020;28;28;2025-02-28;;
8454;13;37;2025-02-28;;
9874;35;48;2025-02-28;;
9875;54;54;2025-02-28;;
9944;59;0;2025-02-28;;
1765;3;7;2025-02-28;;
6640;8;8;2025-02-28;;
6733;10;15;2025-02-28;;
9803;17;12;2025-02-28;;
9805;37;38;2025-02-28;;
9816;45;21;2025-02-28;;
9818;7;7;2025-02-28;;
9842;22;8;2025-02-28;;
9851;30;28;2025-02-28;;
9860;7;10;2025-02-28;;
9801;0;29;2025-03-01;;
9803;17;16;2025-03-01;;
9805;38;32;2025-03-01;;
9815;21;17;2025-03-01;;
9816;21;36;2025-03-01;;
9851;30;16;2025-03-01;;
6639;7;3;2025-03-01;;
6628;4;4;2025-02-28;;
6641;18;18;2025-02-28;;
6682;8;16;2025-02-28;;
9814;15;9;2025-02-28;;
9826;31;18;2025-02-28;;
9832;36;18;2025-02-28;;
9837;90;75;2025-02-28;;
9839;18;12;2025-02-28;;
9858;11;17;2025-02-28;;
1558;140;84;2025-02-28;172217;
3047;131;62;2025-02-28;172218;
3048;16;13;2025-02-28;172220;
3049;82;44;2025-02-28;172216;
3053;4;9;2025-02-28;172219;
6110;45;0;2025-02-28;172221;
5499;15;12;2025-03-03;;
6636;14;56;2025-03-03;;
300;80;104;2025-03-03;172328;
1318;15;50;2025-03-03;246992;
1443;51;37;2025-03-03;246870;
2036;0;0;2025-03-03;;
3050;121;194;2025-03-03;246931;
3052;122;123;2025-03-03;246959;
5498;92;150;2025-03-03;172352;
6602;20;0;2025-03-03;246822;
6603;20;77;2025-03-03;246907;
1765;10;6;2025-03-03;;
6488;3;2;2025-03-03;;
6625;5;15;2025-03-03;;
6626;2;2;2025-03-03;;
6627;5;12;2025-03-03;;
9856;18;7;2025-03-03;;
6628;12;14;2025-03-03;;
6639;3;6;2025-03-03;;
6681;5;10;2025-03-03;;
9832;36;36;2025-03-03;;
9837;16;51;2025-03-03;;
9839;10;22;2025-03-03;;
1558;50;18;2025-03-03;;
3047;118;131;2025-03-03;;
3049;50;49;2025-03-03;;
6110;71;1;2025-03-03;;
1190;25;25;2025-03-01;;
3034;47;0;2025-03-01;;
3038;70;0;2025-03-01;;
3167;20;35;2025-03-01;;
1190;33;33;2025-03-03;;
1365;18;90;2025-03-03;;
3035;57;69;2025-03-03;;
3036;18;28;2025-03-03;;
3041;53;76;2025-03-03;;
3044;88;69;2025-03-03;;
3167;45;0;2025-03-03;;
3558;64;52;2025-03-03;;
6064;0;152;2025-03-01;;
6064;174;87;2025-03-03;;
6805;4;4;2025-03-03;;
6893;6;12;2025-03-03;;
7467;94;94;2025-03-03;;
8454;20;0;2025-03-03;;
9042;117;198;2025-03-03;;
9875;10;10;2025-03-03;;
9944;54;91;2025-03-03;;
9803;17;25;2025-03-05;;
9805;39;29;2025-03-05;;
9807;0;8;2025-03-05;;
9816;22;26;2025-03-05;;
9842;22;49;2025-03-05;;
9847;0;11;2025-03-05;;
9851;26;51;2025-03-05;;
6681;8;4;2025-03-05;;
9814;11;24;2025-03-05;;
9826;13;20;2025-03-05;;
9837;37;47;2025-03-05;;
3035;51;43;2025-03-05;163796;
1190;32;32;2025-03-05;172322;
3034;96;111;2025-03-05;172314;
3042;66;33;2025-03-05;163795;
3044;76;70;2025-03-05;172321;
3167;74;64;2025-03-05;172320;
3919;101;112;2025-03-05;172319;
5537;63;37;2025-03-05;172318;
6805;5;5;2025-03-05;172325;
6891;92;210;2025-03-05;172315;
9140;197;308;2025-03-05;172317;
9723;22;31;2025-03-05;172324;
9952;21;41;2025-03-05;172316;
1364;10;44;2025-03-06;163771;
3036;28;32;2025-03-06;163773;
3038;67;67;2025-03-06;163774;
3041;16;40;2025-03-06;163800;
3558;62;56;2025-03-06;172490;
6891;105;0;2025-03-06;163770;
8454;26;12;2025-03-06;163772;
9723;63;0;2025-03-06;163775;
9875;73;73;2025-03-06;163798;
9944;0;10;2025-03-05;163797;
9944;65;65;2025-03-06;172474;
700;4;17;2025-03-06;172735;
3004;44;131;2025-03-06;172738;
5174;28;63;2025-03-06;172734;
6625;8;5;2025-03-06;172737;
6626;6;6;2025-03-06;172739;
9805;0;22;2025-03-06;172732;
9812;36;36;2025-03-06;172733;
9815;36;4;2025-03-06;172736;
6639;3;5;2025-03-06;172607;
9832;0;18;2025-03-06;172609;
9836;17;20;2025-03-06;172610;
9888;9;0;2025-03-06;172612;
9495;65;37;2025-03-06;172608;
6110;10;0;2025-03-05;163901;
1190;33;33;2025-03-07;163577;
1365;147;76;2025-03-07;163580;
3041;37;38;2025-03-07;172497;
3042;58;62;2025-03-07;163576;
3044;28;73;2025-03-07;172496;
6891;120;165;2025-03-07;163581;
7020;61;57;2025-03-07;163579;
8454;4;40;2025-03-07;163578;
9140;0;60;2025-03-06;172475;
9140;0;93;2025-03-07;163582;
9874;20;27;2025-03-07;172498;
300;25;124;2025-03-07;172329;
1318;44;73;2025-03-07;246993;
1443;26;25;2025-03-07;246871;
2036;0;0;2025-03-07;;
3050;120;120;2025-03-07;246932;
3052;96;90;2025-03-07;246960;
3052;0;68;2025-03-07;246961;
5498;96;100;2025-03-07;172353;
6602;32;25;2025-03-07;246823;
6603;45;53;2025-03-07;246908;
1558;10;63;2025-03-07;163903;
3047;108;106;2025-03-07;163904;
3049;26;16;2025-03-07;163905;
3049;73;51;2025-03-07;163902;
6110;92;224;2025-03-07;163906;
1765;4;10;2025-03-07;172748;
6640;6;6;2025-03-07;172749;
6733;4;13;2025-03-07;172743;
9805;29;12;2025-03-07;172741;
9813;0;13;2025-03-07;172747;
9817;0;21;2025-03-07;172746;
9842;27;25;2025-03-07;172745;
9845;0;8;2025-03-07;172744;
9851;17;24;2025-03-07;172742;
6628;1;11;2025-03-07;172616;
6641;2;2;2025-03-07;172615;
6682;5;8;2025-03-07;172617;
9837;65;29;2025-03-07;172613;
9839;27;10;2025-03-07;172614;
500;7;7;2025-03-08;172499;
3034;65;79;2025-03-08;163584;
3042;0;100;2025-03-08;172500;
3167;24;35;2025-03-08;163583;
1190;36;30;2025-03-10;163601;
1365;20;53;2025-03-10;163613;
3035;7;48;2025-03-10;163610;
3038;18;18;2025-03-10;163608;
3041;78;84;2025-03-10;163611;
3044;61;51;2025-03-10;163607;
3167;52;43;2025-03-10;163585;
3558;37;47;2025-03-10;163586;
6064;156;109;2025-03-10;163609;
6893;3;3;2025-03-10;163612;
7467;126;126;2025-03-10;163606;
8454;27;27;2025-03-10;163604;
9042;85;111;2025-03-10;163605;
9874;31;35;2025-03-10;163603;
9944;23;90;2025-03-10;163602;
5780;13;13;2025-03-10;;
6636;28;29;2025-03-10;;
300;25;61;2025-03-10;172330;
1318;0;0;2025-03-10;;
1443;5;30;2025-03-10;246872;
2036;0;0;2025-03-10;;
3050;45;145;2025-03-10;246934;
3052;35;71;2025-03-10;246962;
5498;38;50;2025-03-10;172354;
6602;55;75;2025-03-10;246824;
6603;25;32;2025-03-10;246909;
6625;8;8;2025-03-10;163805;
6626;9;9;2025-03-10;163808;
6627;10;6;2025-03-10;163809;
9805;38;43;2025-03-10;163801;
9809;0;18;2025-03-10;163810;
9811;0;22;2025-03-10;163804;
9816;0;29;2025-03-10;163803;
9842;24;28;2025-03-10;163806;
9851;37;28;2025-03-10;163802;
9856;11;26;2025-03-10;163807;
6681;5;12;2025-03-10;172621;
9808;0;30;2025-03-10;172623;
9837;68;67;2025-03-10;172619;
9839;14;25;2025-03-10;172620;
9848;0;17;2025-03-10;172624;
9849;0;3;2025-03-10;172622;
9888;0;18;2025-03-10;172618;
1558;75;38;2025-03-10;163908;
3048;15;15;2025-03-10;163909;
3049;41;72;2025-03-10;163907;
1190;20;20;2025-03-11;163614;
3036;26;26;2025-03-11;163616;
3042;12;29;2025-03-11;172260;
8454;7;0;2025-03-11;163617;
9140;8;83;2025-03-11;163615;
9723;19;13;2025-03-11;172257;
9875;22;22;2025-03-11;172259;
9944;22;52;2025-03-11;172258;
700;1;0;2025-03-11;163818;
1765;4;0;2025-03-11;163817;
5174;0;9;2025-03-11;163812;
6488;21;14;2025-03-11;163816;
9474;8;8;2025-03-11;163821;
9803;0;29;2025-03-11;163822;
9812;35;35;2025-03-11;163820;
9816;12;0;2025-03-11;163815;
9823;0;9;2025-03-11;163813;
9840;0;8;2025-03-11;163814;
9860;6;9;2025-03-11;163819;
3032;10;27;2025-03-11;172625;
9806;0;21;2025-03-11;163552;
9835;0;7;2025-03-11;163553;
9495;17;68;2025-03-11;163551;
300;1;28;2025-03-12;172331;
1318;22;60;2025-03-12;246995;
1443;13;36;2025-03-12;246873;
2036;0;0;2025-03-12;;
3050;56;40;2025-03-12;246935;
3052;28;32;2025-03-12;246963;
5498;36;50;2025-03-12;172355;
6602;47;43;2025-03-12;246825;
6603;50;39;2025-03-12;246910;
1558;10;26;2025-03-12;163912;
3047;48;115;2025-03-12;163913;
3048;12;23;2025-03-12;163914;
3049;35;35;2025-03-12;163911;
9803;28;2;2025-03-12;163827;
9805;35;41;2025-03-12;163824;
9816;15;4;2025-03-12;163826;
9818;0;10;2025-03-12;163830;
9842;25;23;2025-03-12;163828;
9846;0;5;2025-03-12;163829;
9851;25;6;2025-03-12;163825;
6681;15;12;2025-03-12;163530;
9814;23;28;2025-03-12;163529;
9826;18;20;2025-03-12;163529;
9837;10;35;2025-03-12;163526;
9839;17;14;2025-03-12;163527;
1190;29;29;2025-03-12;163625;
1364;2;0;2025-03-13;172287;
3004;134;125;2025-03-11;163910;
3034;89;76;2025-03-12;163620;
3035;48;31;2025-03-12;163624;
3042;15;55;2025-03-12;172262;
3044;62;70;2025-03-12;163587;
3167;68;51;2025-03-12;163619;
3919;77;110;2025-03-12;172264;
6891;60;480;2025-03-12;163618;
8454;5;56;2025-03-12;163621;
9140;200;131;2025-03-12;163622;
9723;18;0;2025-03-12;172263;
9944;40;0;2025-03-12;172261;
9952;27;48;2025-03-12;163623;
3036;40;40;2025-03-13;172272;
3042;35;142;2025-03-13;172265;
3558;34;34;2025-03-13;172268;
5537;56;84;2025-03-13;172269;
6064;119;49;2025-03-13;163588;
8454;7;7;2025-03-13;172267;
9723;57;44;2025-03-13;163589;
9874;35;35;2025-03-13;172271;
9944;39;34;2025-03-13;172266;
6633;26;24;2025-03-13;;
6703;13;15;2025-03-13;;
5174;26;30;2025-03-13;163832;
6488;2;20;2025-03-13;163836;
6625;7;7;2025-03-13;163834;
6626;6;6;2025-03-13;163838;
6640;8;8;2025-03-13;163839;
6733;10;4;2025-03-13;163835;
9815;0;42;2025-03-13;163840;
9856;18;11;2025-03-13;163837;
9860;11;4;2025-03-13;163833;
3032;19;10;2025-03-13;163531;
6639;8;5;2025-03-13;163532;
9888;7;0;2025-03-13;163533;
3004;186;0;2025-03-13;163915;
1190;26;26;2025-03-14;163592;
1364;6;0;2025-03-14;163597;
1365;153;140;2025-03-14;163626;
3044;34;59;2025-03-14;172250;
5537;19;45;2025-03-14;163590;
6891;105;0;2025-03-14;163627;
7020;50;62;2025-03-14;163595;
8454;22;0;2025-03-14;163594;
9042;18;49;2025-03-14;163591;
9140;0;79;2025-03-14;163598;
9875;34;34;2025-03-14;163596;
9944;41;36;2025-03-14;163628;
300;90;58;2025-03-14;172332;
1318;0;0;2025-03-14;;
1443;23;0;2025-03-14;246874;
2036;0;0;2025-03-14;;
3050;91;44;2025-03-14;246936;
3052;69;29;2025-03-14;246964;
5498;76;27;2025-03-14;172356;
6602;35;37;2025-03-14;172376;
6603;40;27;2025-03-14;246911;
3047;123;45;2025-03-14;163919;
3049;23;8;2025-03-14;163920;
3049;67;44;2025-03-14;163917;
6110;47;0;2025-03-14;163916;
7327;2;2;2025-03-14;163918;
1765;6;9;2025-03-14;;
5174;0;27;2025-03-14;;
9803;16;25;2025-03-14;;
9805;33;44;2025-03-14;;
9816;16;25;2025-03-14;;
9842;35;24;2025-03-14;;
9851;23;44;2025-03-14;;
6628;11;12;2025-03-14;;
6641;11;11;2025-03-14;;
6682;13;5;2025-03-14;;
9814;11;10;2025-03-14;;
9826;12;17;2025-03-14;;
9837;17;18;2025-03-14;;
9839;7;19;2025-03-14;;
9888;0;2;2025-03-14;;
9495;64;13;2025-03-14;;
300;15;71;2025-03-17;172333;
1318;21;25;2025-03-17;246996;
1443;35;27;2025-03-17;246875;
2036;0;0;2025-03-17;;
3050;53;84;2025-03-17;246937;
3052;48;70;2025-03-17;246965;
5498;57;75;2025-03-17;172357;
6602;51;33;2025-03-17;172377;
6603;60;13;2025-03-17;246912;
1190;11;11;2025-03-15;163599;
3034;58;94;2025-03-15;163651;
1190;31;31;2025-03-17;163661;
1365;78;46;2025-03-17;163666;
3035;44;55;2025-03-17;163655;
3038;55;55;2025-03-17;163662;
3044;58;51;2025-03-17;163653;
3167;50;46;2025-03-17;163656;
3558;39;39;2025-03-17;163659;
6891;60;0;2025-03-17;163665;
6893;4;17;2025-03-17;163652;
7467;115;115;2025-03-17;163658;
8454;19;32;2025-03-17;163657;
9042;126;97;2025-03-17;163663;
9140;170;198;2025-03-17;163660;
9944;23;23;2025-03-17;163654;
5499;13;18;2025-03-17;;
5780;10;10;2025-03-17;;
6636;22;33;2025-03-17;;
3208;107;98;2025-03-17;;
3606;20;21;2025-03-17;;
6630;15;6;2025-03-17;;
8318;15;0;2025-03-17;;
5010;26;13;2025-03-17;;
5711;50;32;2025-03-17;;
6880;17;17;2025-03-17;;
9984;0;0;2025-03-17;;
6120;0;0;2025-03-17;;
1851;47;30;2025-03-17;;
6197;51;0;2025-03-17;;
6895;17;0;2025-03-17;;
3605;25;0;2025-03-17;299503;
333;325;0;2025-03-17;299503;
330;77;0;2025-03-17;299503;
8988;9;0;2025-03-17;299503;
9590;51;0;2025-03-17;299503;
9724;1;0;2025-03-17;299503;
1760;0;0;2025-03-17;299503;
6634;19;0;2025-03-17;299503;
9819;0;0;2025-03-17;299503;
9873;41;0;2025-03-17;299503;
9924;0;0;2025-03-17;299503;
9926;0;0;2025-03-17;299503;
9981;0;0;2025-03-17;299503;
9982;0;0;2025-03-17;299503;
8277;510;518;2025-03-17;292999;
6601;53;210;2025-03-17;292999;
6894;26;52;2025-03-17;292999;
9825;83;250;2025-03-17;292999;
9853;63;330;2025-03-17;292999;
8322;1;4;2025-03-17;292999;
8936;0;16;2025-03-17;292999;
1763;26;0;2025-03-17;292999;
6489;0;0;2025-03-17;292999;
9868;109;0;2025-03-17;292999;
1852;0;0;2025-03-17;292999;
6631;0;0;2025-03-17;292999;
3162;0;0;2025-03-17;292999;
400;0;0;2025-03-17;299504;
4889;0;0;2025-03-17;299504;
7071;25;40;2025-03-17;299504;
7094;10;0;2025-03-17;299504;
9870;127;203;2025-03-17;299504;
5480;6;6;2025-03-17;299504;
6637;16;16;2025-03-17;299504;
9820;0;0;2025-03-17;299504;
9887;25;25;2025-03-17;299504;
9992;22;22;2025-03-17;299504;
9986;17;17;2025-03-17;299504;
8552;15;15;2025-03-17;299504;
9985;3;3;2025-03-17;299504;
9998;0;0;2025-03-17;299504;
5509;0;0;2025-03-17;299504;
3043;139;0;2025-03-17;299504;
6628;7;12;2025-03-17;163546;
6639;4;7;2025-03-17;163548;
6681;5;13;2025-03-17;163547;
9826;11;8;2025-03-17;163545;
9837;47;27;2025-03-17;163543;
9839;23;6;2025-03-17;163544;
6625;10;8;2025-03-17;163855;
6626;10;10;2025-03-17;163858;
6627;10;9;2025-03-17;163859;
9803;20;15;2025-03-17;163854;
9805;23;55;2025-03-17;163851;
9816;18;10;2025-03-17;163853;
9842;28;30;2025-03-17;163856;
9847;0;13;2025-03-17;163850;
9851;22;20;2025-03-17;163852;
9856;9;13;2025-03-17;163857;
3036;27;27;2025-03-18;163670;
3041;96;55;2025-03-18;163676;
3558;14;14;2025-03-18;163673;
8454;48;33;2025-03-18;163671;
9140;0;38;2025-03-18;163677;
9723;63;77;2025-03-18;163669;
9874;33;34;2025-03-18;163674;
9875;45;45;2025-03-18;163668;
9944;72;0;2025-03-18;163672;
1761;47;0;2025-03-18;299541;
1770;27;0;2025-03-18;299541;
2531;156;0;2025-03-18;299541;
2549;7;0;2025-03-18;299541;
1762;37;78;2025-03-18;299542;
1767;0;0;2025-03-18;299542;
1768;44;34;2025-03-18;299542;
1769;24;40;2025-03-18;299542;
1771;19;14;2025-03-18;299542;
2054;8;0;2025-03-18;299542;
2516;127;142;2025-03-18;299542;
2547;0;0;2025-03-18;299542;
2548;0;0;2025-03-18;299542;
3772;169;177;2025-03-18;299542;
5546;0;143;2025-03-18;299542;
5547;0;95;2025-03-18;299542;
6968;75;142;2025-03-18;299542;
7412;10;0;2025-03-18;299542;
9667;12;0;2025-03-18;299542;
5030;35;35;2025-03-18;299542;
4456;0;0;2025-03-18;299542;
1765;8;8;2025-03-18;163864;
5174;18;3;2025-03-18;163861;
9812;67;67;2025-03-18;163865;
9815;16;7;2025-03-18;163863;
9860;8;11;2025-03-18;163862;
3032;4;13;2025-03-18;163549;
9495;37;61;2025-03-18;163550;
1558;20;6;2025-03-17;163922;
3047;73;135;2025-03-17;163923;
3049;31;58;2025-03-17;163921;
3004;160;117;2025-03-18;163924;
1760;9;10;2025-03-19;299568;
6634;14;17;2025-03-19;299569;
9819;54;56;2025-03-19;299570;
9873;38;71;2025-03-19;299571;
9924;36;76;2025-03-19;299572;
9926;35;55;2025-03-19;299573;
9981;17;0;2025-03-19;299574;
9982;4;3;2025-03-19;299575;
1763;23;49;2025-03-19;;
6489;40;40;2025-03-19;;
9868;140;198;2025-03-19;;
1852;12;12;2025-03-19;;
6631;10;10;2025-03-19;;
3162;8;8;2025-03-19;;
8277;45;0;2025-03-19;;
6601;105;0;2025-03-19;;
6894;31;0;2025-03-19;;
9825;75;0;2025-03-19;;
9853;49;0;2025-03-19;;
8322;4;0;2025-03-19;;
9805;21;29;2025-03-19;163867;
9816;13;22;2025-03-19;163869;
9824;0;7;2025-03-19;163872;
9834;0;11;2025-03-19;163871;
9842;18;28;2025-03-19;163870;
9851;22;10;2025-03-19;163868;
6681;12;4;2025-03-19;163504;
9826;11;15;2025-03-19;163503;
9837;55;55;2025-03-19;163501;
9839;9;22;2025-03-19;163502;
6110;93;308;2025-03-19;163925;
7327;3;3;2025-03-19;163926;
1190;38;38;2025-03-19;163678;
1364;16;22;2025-03-19;163682;
1365;80;84;2025-03-19;163681;
3034;115;0;2025-03-19;163679;
3035;52;40;2025-03-19;172274;
3042;65;110;2025-03-18;163667;
3044;66;66;2025-03-19;163680;
3167;71;91;2025-03-19;163683;
3919;100;112;2025-03-19;163685;
8454;32;32;2025-03-19;163684;
9140;0;64;2025-03-19;163688;
9140;0;74;2025-03-19;163689;
9944;63;21;2025-03-19;163686;
9952;35;26;2025-03-19;163687;
3036;35;45;2025-03-20;163696;
3038;21;21;2025-03-20;163695;
3558;53;53;2025-03-20;163698;
5537;71;91;2025-03-20;163694;
6891;304;455;2025-03-20;163326;
8454;26;0;2025-03-20;163692;
9140;280;161;2025-03-20;163691;
9723;16;12;2025-03-20;163690;
9944;41;40;2025-03-20;163693;
1761;0;0;2025-03-20;299608;
1770;27;0;2025-03-20;299608;
2531;278;0;2025-03-20;299608;
2549;0;0;2025-03-20;299608;
1762;0;60;2025-03-20;299598;
1767;0;0;2025-03-20;299598;
1768;29;50;2025-03-20;299598;
1769;17;19;2025-03-20;299598;
1771;17;0;2025-03-20;299598;
2054;7;0;2025-03-20;299598;
2516;118;68;2025-03-20;299598;
2547;13;0;2025-03-20;299598;
2548;4;0;2025-03-20;299598;
3772;183;169;2025-03-20;299598;
5546;60;0;2025-03-20;299598;
5547;47;0;2025-03-20;299598;
6968;120;75;2025-03-20;299598;
7412;37;34;2025-03-20;299598;
9667;19;0;2025-03-20;299598;
5030;45;30;2025-03-20;299598;
4456;10;0;2025-03-20;299598;
700;14;26;2025-03-20;;
6488;12;7;2025-03-20;;
6625;9;10;2025-03-20;;
6626;6;6;2025-03-20;;
9812;46;46;2025-03-20;;
9815;13;27;2025-03-20;;
9856;10;10;2025-03-20;;
9860;7;0;2025-03-20;;
3032;13;1;2025-03-20;;
6639;2;2;2025-03-20;;
9836;2;5;2025-03-20;;
9888;14;6;2025-03-20;;
3004;165;450;2025-03-20;;
300;140;37;2025-03-21;172334;
1443;60;30;2025-03-21;172401;
3050;124;76;2025-03-21;246938;
3052;64;49;2025-03-21;246966;
1365;58;40;2025-03-21;163358;
3035;52;42;2025-03-21;163352;
3041;35;62;2025-03-21;163351;
3042;61;89;2025-03-21;163354;
3044;35;54;2025-03-21;163327;
6805;15;15;2025-03-21;163356;
6891;130;0;2025-03-21;163357;
7020;52;49;2025-03-21;163328;
9140;0;176;2025-03-21;163362;
9723;18;0;2025-03-21;163355;
9874;54;58;2025-03-21;163360;
9875;36;36;2025-03-21;163329;
9944;8;44;2025-03-21;163359;
