3605;17;25;03/01/2025;0
333;115;187;03/01/2025;0
330;23;134;03/01/2025;0
8988;4;17;03/01/2025;0
9590;57;126;03/01/2025;0
9724;0;1;03/01/2025;0
9590;38;0;03/01/2025;0
333;56;0;08/01/2025;0
330;12;0;08/01/2025;0
3605;19;19;13/01/2025;0
333;264;225;13/01/2025;0
330;60;72;13/01/2025;0
8988;19;19;13/01/2025;0
9590;44;82;13/01/2025;0
9724;3;3;13/01/2025;0
3605;20;20;20/01/2025;0
333;306;257;20/01/2025;0
330;90;90;20/01/2025;0
8988;22;22;20/01/2025;0
9590;30;30;20/01/2025;0
9724;1;1;20/01/2025;0
333;161;225;27/01/2025;0
330;54;54;27/01/2025;0
8988;5;5;27/01/2025;0
9590;90;90;27/01/2025;0
9724;1;1;27/01/2025;0
3605;27;27;03/02/2025;0
333;216;242;03/02/2025;0
330;53;53;03/02/2025;0
8988;6;6;03/02/2025;0
9590;31;31;03/02/2025;0
9724;1;1;03/02/2025;0
330;8;0;05/02/2025;0
3605;22;22;10/02/2025;0
333;174;232;10/02/2025;0
330;46;54;10/02/2025;0
8988;12;12;10/02/2025;0
9590;39;39;10/02/2025;0
9724;1;1;10/02/2025;0
3605;15;15;17/02/2025;0
333;186;233;17/02/2025;0
330;49;49;17/02/2025;0
8988;9;9;17/02/2025;0
9590;57;57;17/02/2025;0
9724;1;1;17/02/2025;0
3605;28;28;24/02/2025;0
333;76;49;24/02/2025;0
330;102;102;24/02/2025;0
8988;21;21;24/02/2025;0
9590;38;38;24/02/2025;0
9724;2;2;24/02/2025;0
9590;87;0;26/02/2025;0
330;42;0;05/03/2025;0
8988;5;0;05/03/2025;0
3605;28;28;10/03/2025;0
333;230;337;10/03/2025;0
330;12;54;10/03/2025;0
8988;10;15;10/03/2025;0
9590;78;165;10/03/2025;0
9724;1;1;10/03/2025;0
333;8;0;12/03/2025;0
330;49;0;12/03/2025;0
1760;7;0;03/01/2025;0
6634;6;0;03/01/2025;0
9819;64;0;03/01/2025;0
9873;44;0;03/01/2025;0
9924;33;0;03/01/2025;0
9926;23;0;03/01/2025;0
9981;8;0;03/01/2025;0
9982;5;0;03/01/2025;0
1760;13;8;08/01/2025;0
6634;15;8;08/01/2025;0
9819;107;96;08/01/2025;0
9873;46;65;08/01/2025;0
9924;56;40;08/01/2025;0
9926;70;30;08/01/2025;0
9981;9;12;08/01/2025;0
9982;6;5;08/01/2025;0
1760;19;13;15/01/2025;0
6634;20;7;15/01/2025;0
9819;102;65;15/01/2025;0
9873;65;41;15/01/2025;0
9924;66;41;15/01/2025;0
9926;57;23;15/01/2025;0
9981;10;10;15/01/2025;0
9982;0;6;15/01/2025;0
1760;28;19;22/01/2025;0
6634;15;15;22/01/2025;0
9819;34;90;22/01/2025;0
9873;92;78;22/01/2025;0
9924;33;53;22/01/2025;0
9926;49;70;22/01/2025;0
9981;23;11;22/01/2025;0
9982;5;0;22/01/2025;0
1760;15;26;29/01/2025;0
6634;0;20;29/01/2025;0
9819;81;88;29/01/2025;0
9873;85;66;29/01/2025;0
9924;51;66;29/01/2025;0
9926;39;53;29/01/2025;0
9981;12;12;29/01/2025;0
9982;0;5;29/01/2025;0
1760;11;15;05/02/2025;0
6634;9;0;05/02/2025;0
9819;67;67;05/02/2025;0
9873;57;59;05/02/2025;0
9924;40;33;05/02/2025;0
9926;12;37;05/02/2025;0
9981;11;13;05/02/2025;0
9982;5;0;05/02/2025;0
1760;55;12;12/02/2025;0
6634;16;13;12/02/2025;0
9819;135;81;12/02/2025;0
9873;17;83;12/02/2025;0
9924;63;32;12/02/2025;0
9926;53;42;12/02/2025;0
9981;11;12;12/02/2025;0
9982;5;5;12/02/2025;0
1760;5;24;26/02/2025;0
6634;17;9;26/02/2025;0
9819;61;92;26/02/2025;0
9873;68;66;26/02/2025;0
9924;30;30;26/02/2025;0
9926;31;26;26/02/2025;0
9981;26;11;26/02/2025;0
1760;0;20;05/03/2025;0
6634;0;18;05/03/2025;0
9819;76;110;05/03/2025;0
9873;68;79;05/03/2025;0
9924;39;30;05/03/2025;0
9926;54;53;05/03/2025;0
9981;0;16;05/03/2025;0
9982;4;0;05/03/2025;0
1760;10;0;12/03/2025;0
9819;65;82;12/03/2025;0
9873;63;68;12/03/2025;0
9924;49;24;12/03/2025;0
9926;27;30;12/03/2025;0
9981;0;4;12/03/2025;0
9982;3;0;12/03/2025;0
8277;0;25;02/01/2025;0
6894;38;0;02/01/2025;0
9825;74;0;02/01/2025;0
9853;34;0;02/01/2025;0
8277;161;413;06/01/2025;0
6601;20;117;06/01/2025;0
6894;65;43;06/01/2025;0
9825;60;150;06/01/2025;0
9853;47;109;06/01/2025;0
8322;0;8;06/01/2025;0
8277;40;0;08/01/2025;0
6601;120;0;08/01/2025;0
6894;111;0;08/01/2025;0
9825;43;0;08/01/2025;0
9853;39;0;08/01/2025;0
8277;542;352;13/01/2025;0
6601;18;124;13/01/2025;0
6894;97;176;13/01/2025;0
9825;98;51;13/01/2025;0
9853;48;0;13/01/2025;0
8277;13;0;15/01/2025;0
6601;61;0;15/01/2025;0
6894;58;0;15/01/2025;0
9825;77;0;15/01/2025;0
9853;48;0;15/01/2025;0
8277;667;586;20/01/2025;0
6601;53;118;20/01/2025;0
6894;68;155;20/01/2025;0
9825;97;200;20/01/2025;0
9853;70;109;20/01/2025;0
8322;1;0;20/01/2025;0
6601;48;0;22/01/2025;0
6894;48;0;22/01/2025;0
9825;83;0;22/01/2025;0
9853;53;0;22/01/2025;0
8277;343;379;27/01/2025;0
6601;22;44;27/01/2025;0
6894;10;116;27/01/2025;0
9825;51;0;27/01/2025;0
9853;50;0;27/01/2025;0
8322;0;1;27/01/2025;0
6601;56;0;29/01/2025;0
6894;75;0;29/01/2025;0
9825;54;0;29/01/2025;0
9853;50;0;29/01/2025;0
8277;428;495;03/02/2025;0
6601;36;200;03/02/2025;0
6894;71;97;03/02/2025;0
9825;51;150;03/02/2025;0
9853;48;198;03/02/2025;0
8322;4;0;03/02/2025;0
6601;71;0;05/02/2025;0
6894;82;0;05/02/2025;0
9825;39;0;05/02/2025;0
9853;50;0;05/02/2025;0
8322;8;0;05/02/2025;0
8277;355;246;10/02/2025;0
6601;22;140;10/02/2025;0
6894;35;153;10/02/2025;0
9825;48;185;10/02/2025;0
9853;72;205;10/02/2025;0
8322;0;4;10/02/2025;0
6601;90;0;12/02/2025;0
6894;56;0;12/02/2025;0
9825;50;0;12/02/2025;0
9853;72;0;12/02/2025;0
8277;488;423;17/02/2025;0
6601;33;60;17/02/2025;0
6894;22;91;17/02/2025;0
9825;52;150;17/02/2025;0
9853;51;150;17/02/2025;0
8277;30;0;19/02/2025;0
6601;86;0;19/02/2025;0
6894;79;0;19/02/2025;0
9825;49;0;19/02/2025;0
9853;55;0;19/02/2025;0
8277;356;581;24/02/2025;0
6601;21;120;24/02/2025;0
6894;74;101;24/02/2025;0
9825;65;128;24/02/2025;0
9853;54;0;24/02/2025;0
8322;8;0;24/02/2025;0
8277;30;0;26/02/2025;0
6601;124;0;26/02/2025;0
6894;25;0;26/02/2025;0
9825;57;0;26/02/2025;0
9853;66;0;26/02/2025;0
8277;334;81;28/02/2025;0
6601;0;40;28/02/2025;0
6894;23;81;28/02/2025;0
9825;63;0;28/02/2025;0
9853;57;0;28/02/2025;0
8322;4;8;28/02/2025;0
8277;0;29;05/03/2025;0
6601;33;0;05/03/2025;0
6894;87;0;05/03/2025;0
9825;71;0;05/03/2025;0
9853;66;0;05/03/2025;0
8277;314;377;10/03/2025;0
6601;56;200;10/03/2025;0
6894;35;110;10/03/2025;0
9825;78;45;10/03/2025;0
9853;66;104;10/03/2025;0
8322;2;4;10/03/2025;0
8277;10;12;12/03/2025;0
6601;60;0;12/03/2025;0
6894;40;0;12/03/2025;0
9825;93;0;12/03/2025;0
9853;53;0;12/03/2025;0
8322;2;0;12/03/2025;0
6489;10;10;02/01/2025;0
9868;123;260;02/01/2025;0
6631;3;3;02/01/2025;0
3162;10;10;02/01/2025;0
1763;35;35;06/01/2025;0
9868;165;165;06/01/2025;0
1763;35;35;08/01/2025;0
6489;20;20;08/01/2025;0
9868;154;41;08/01/2025;0
1852;8;8;08/01/2025;0
6631;8;8;08/01/2025;0
3162;5;5;08/01/2025;0
1763;41;41;13/01/2025;0
9868;114;114;13/01/2025;0
1852;10;10;13/01/2025;0
1763;34;34;15/01/2025;0
6489;35;35;15/01/2025;0
9868;140;83;15/01/2025;0
1852;10;10;15/01/2025;0
6631;20;20;15/01/2025;0
3162;9;9;15/01/2025;0
1763;52;52;20/01/2025;0
9868;196;196;20/01/2025;0
1763;33;33;22/01/2025;0
6489;19;19;22/01/2025;0
9868;198;68;22/01/2025;0
6631;14;14;22/01/2025;0
3162;13;13;22/01/2025;0
9868;43;43;27/01/2025;0
1852;16;16;27/01/2025;0
1763;23;23;29/01/2025;0
6489;36;36;29/01/2025;0
9868;109;258;29/01/2025;0
1852;9;9;29/01/2025;0
3162;3;3;29/01/2025;0
1763;23;23;03/02/2025;0
9868;105;105;03/02/2025;0
1763;19;19;05/02/2025;0
9868;152;140;05/02/2025;0
1852;14;14;05/02/2025;0
6631;8;8;05/02/2025;0
3162;6;6;05/02/2025;0
1763;24;24;10/02/2025;0
9868;69;69;10/02/2025;0
1763;25;25;12/02/2025;0
6489;30;30;12/02/2025;0
9868;149;161;12/02/2025;0
1852;11;11;12/02/2025;0
6631;14;14;12/02/2025;0
3162;6;6;12/02/2025;0
9868;93;93;17/02/2025;0
9868;162;183;19/02/2025;0
1852;9;9;19/02/2025;0
6631;9;9;19/02/2025;0
3162;4;4;19/02/2025;0
6489;37;37;24/02/2025;0
9868;54;54;24/02/2025;0
9868;165;276;26/02/2025;0
1852;14;14;26/02/2025;0
6631;4;4;26/02/2025;0
3162;2;2;26/02/2025;0
1763;20;20;28/02/2025;0
9868;29;29;28/02/2025;0
1763;23;23;05/03/2025;0
6489;41;41;05/03/2025;0
9868;203;129;05/03/2025;0
1852;10;10;05/03/2025;0
6631;2;2;05/03/2025;0
3162;3;3;05/03/2025;0
1763;22;22;10/03/2025;0
9868;87;87;10/03/2025;0
1763;27;27;12/03/2025;0
6489;17;17;12/03/2025;0
9868;116;183;12/03/2025;0
1852;13;13;12/03/2025;0
3162;8;8;12/03/2025;0
8936;12;18;06/01/2025;0
8971;20;20;17/02/2025;0
3208;82;152;06/01/2025;0
3606;5;5;06/01/2025;0
6630;2;2;06/01/2025;0
8318;30;30;06/01/2025;0
5010;5;5;06/01/2025;0
3208;119;119;13/01/2025;0
3606;17;17;13/01/2025;0
6630;4;4;13/01/2025;0
8318;30;30;13/01/2025;0
9014;5;5;13/01/2025;0
5010;13;13;13/01/2025;0
3208;137;157;20/01/2025;0
3606;24;24;20/01/2025;0
6630;10;10;20/01/2025;0
8318;6;6;20/01/2025;0
5010;10;10;20/01/2025;0
3208;129;156;27/01/2025;0
8318;12;12;27/01/2025;0
5010;11;11;27/01/2025;0
3208;98;107;03/02/2025;0
3606;27;27;03/02/2025;0
6630;8;8;03/02/2025;0
9014;7;7;03/02/2025;0
5010;12;12;03/02/2025;0
3208;133;133;10/02/2025;0
3606;8;8;10/02/2025;0
8318;15;15;10/02/2025;0
5010;18;18;10/02/2025;0
3208;81;81;17/02/2025;0
3606;22;22;17/02/2025;0
6630;14;14;17/02/2025;0
9014;6;6;17/02/2025;0
5010;14;14;17/02/2025;0
3208;90;111;24/02/2025;0
3606;9;9;24/02/2025;0
6630;6;6;24/02/2025;0
8318;26;26;24/02/2025;0
5010;16;16;24/02/2025;0
3208;111;111;28/02/2025;0
3606;6;6;28/02/2025;0
8318;8;8;28/02/2025;0
5010;12;12;28/02/2025;0
3208;98;98;10/03/2025;0
3606;21;21;10/03/2025;0
6630;6;6;10/03/2025;0
5010;13;13;10/03/2025;0
5711;45;65;06/01/2025;0
6880;31;51;06/01/2025;0
9984;16;16;06/01/2025;0
1851;32;32;06/01/2025;0
5711;66;66;13/01/2025;0
6880;38;38;13/01/2025;0
9984;12;12;13/01/2025;0
6120;3;3;13/01/2025;0
1851;55;55;13/01/2025;0
5711;75;75;20/01/2025;0
6880;29;29;20/01/2025;0
9984;12;12;20/01/2025;0
6120;2;2;20/01/2025;0
1851;61;61;20/01/2025;0
5711;79;79;27/01/2025;0
6880;22;22;27/01/2025;0
9984;9;9;27/01/2025;0
1851;11;11;27/01/2025;0
5711;51;51;03/02/2025;0
6880;18;18;03/02/2025;0
9984;15;15;03/02/2025;0
1851;53;53;03/02/2025;0
5711;29;29;10/02/2025;0
6880;34;34;10/02/2025;0
9984;13;13;10/02/2025;0
6120;3;3;10/02/2025;0
1851;44;44;10/02/2025;0
5711;44;44;17/02/2025;0
6880;38;38;17/02/2025;0
9984;10;10;17/02/2025;0
1851;37;37;17/02/2025;0
5711;44;64;24/02/2025;0
6880;30;30;24/02/2025;0
9984;13;13;24/02/2025;0
1851;21;21;24/02/2025;0
5711;34;34;28/02/2025;0
6880;21;21;28/02/2025;0
9984;12;12;28/02/2025;0
1851;30;30;28/02/2025;0
5711;32;0;10/03/2025;0
6880;17;0;10/03/2025;0
1851;30;0;10/03/2025;0
6197;2;2;06/01/2025;0
6895;12;12;06/01/2025;0
6197;52;52;13/01/2025;0
6895;18;18;13/01/2025;0
6197;51;51;20/01/2025;0
6895;13;13;20/01/2025;0
6197;38;38;27/01/2025;0
6895;12;12;27/01/2025;0
6895;4;4;03/02/2025;0
6197;39;39;10/02/2025;0
6895;20;20;10/02/2025;0
6197;39;39;17/02/2025;0
6895;12;12;17/02/2025;0
6197;33;33;28/02/2025;0
6895;13;13;28/02/2025;0
7071;91;28;02/01/2025;0
400;18;18;06/01/2025;0
4889;65;35;06/01/2025;0
7071;10;0;06/01/2025;0
7094;85;0;06/01/2025;0
9870;300;81;06/01/2025;0
5480;4;4;06/01/2025;0
9820;35;35;06/01/2025;0
9887;18;18;06/01/2025;0
9992;30;30;06/01/2025;0
3043;74;0;06/01/2025;0
7071;0;36;08/01/2025;0
7094;158;0;08/01/2025;0
9870;302;316;08/01/2025;0
9992;45;45;08/01/2025;0
3043;119;53;08/01/2025;0
9992;18;4;11/01/2025;0
8552;32;10;11/01/2025;0
400;13;13;13/01/2025;0
7094;45;200;13/01/2025;0
9870;90;124;13/01/2025;0
5480;6;6;13/01/2025;0
9820;24;24;13/01/2025;0
9887;31;31;13/01/2025;0
9992;40;40;13/01/2025;0
9986;25;25;13/01/2025;0
8552;17;17;13/01/2025;0
9985;8;8;13/01/2025;0
9998;10;10;13/01/2025;0
5509;4;4;13/01/2025;0
3043;116;0;13/01/2025;0
400;8;8;15/01/2025;0
4889;10;0;15/01/2025;0
7094;193;40;15/01/2025;0
9870;131;0;15/01/2025;0
9820;21;21;15/01/2025;0
9992;51;51;15/01/2025;0
4889;0;40;20/01/2025;0
7094;0;241;20/01/2025;0
9870;135;213;20/01/2025;0
5480;4;4;20/01/2025;0
6637;30;0;20/01/2025;0
9887;32;0;20/01/2025;0
9992;0;14;20/01/2025;0
9986;13;0;20/01/2025;0
8552;6;28;20/01/2025;0
3043;201;150;20/01/2025;0
7071;25;0;22/01/2025;0
7094;57;57;22/01/2025;0
9870;143;43;22/01/2025;0
6637;0;30;22/01/2025;0
9887;0;32;22/01/2025;0
9986;0;13;22/01/2025;0
3043;127;0;22/01/2025;0
400;16;16;27/01/2025;0
4889;125;63;27/01/2025;0
7071;35;156;27/01/2025;0
9870;0;67;27/01/2025;0
5480;4;4;27/01/2025;0
9820;22;22;27/01/2025;0
9986;12;12;27/01/2025;0
8552;22;22;27/01/2025;0
9998;11;11;27/01/2025;0
3043;94;150;27/01/2025;0
400;20;20;29/01/2025;0
4889;0;62;29/01/2025;0
7071;48;0;29/01/2025;0
7094;56;56;29/01/2025;0
9870;89;18;29/01/2025;0
9820;51;51;29/01/2025;0
9992;23;23;29/01/2025;0
7094;30;0;31/01/2025;0
7071;10;78;31/01/2025;0
400;17;17;03/02/2025;0
7071;60;0;03/02/2025;0
9870;0;75;03/02/2025;0
6637;15;15;03/02/2025;0
9820;33;33;03/02/2025;0
9887;52;52;03/02/2025;0
9992;61;61;03/02/2025;0
9986;13;13;03/02/2025;0
8552;5;5;03/02/2025;0
9985;2;2;03/02/2025;0
9998;9;9;03/02/2025;0
5509;6;6;03/02/2025;0
3043;56;150;03/02/2025;0
7071;69;57;05/02/2025;0
7094;90;90;05/02/2025;0
9870;171;137;05/02/2025;0
9992;16;16;05/02/2025;0
3043;43;0;05/02/2025;0
400;10;10;10/02/2025;0
7094;80;80;10/02/2025;0
9870;235;44;10/02/2025;0
5480;8;8;10/02/2025;0
9820;19;19;10/02/2025;0
9887;42;42;10/02/2025;0
9986;12;12;10/02/2025;0
8552;17;17;10/02/2025;0
9985;8;8;10/02/2025;0
3043;43;350;10/02/2025;0
4889;17;0;12/02/2025;0
7094;45;45;12/02/2025;0
9870;15;101;12/02/2025;0
3043;33;0;12/02/2025;0
400;9;9;17/02/2025;0
4889;0;60;17/02/2025;0
7071;0;94;17/02/2025;0
7094;0;30;17/02/2025;0
9870;0;385;17/02/2025;0
9820;18;18;17/02/2025;0
9887;26;26;17/02/2025;0
9992;35;35;17/02/2025;0
9986;4;4;17/02/2025;0
9998;7;7;17/02/2025;0
3043;34;225;17/02/2025;0
4889;25;0;19/02/2025;0
7071;40;0;19/02/2025;0
7094;53;53;19/02/2025;0
9870;161;62;19/02/2025;0
3043;49;0;19/02/2025;0
3043;5;0;20/02/2025;0
400;10;10;24/02/2025;0
4889;55;0;24/02/2025;0
7071;30;0;24/02/2025;0
7094;22;22;24/02/2025;0
9870;191;40;24/02/2025;0
9820;18;18;24/02/2025;0
9887;20;20;24/02/2025;0
9992;20;20;24/02/2025;0
8552;10;10;24/02/2025;0
9985;6;6;24/02/2025;0
9998;7;7;24/02/2025;0
5509;8;8;24/02/2025;0
3043;48;150;24/02/2025;0
4889;0;68;28/02/2025;0
7071;0;80;28/02/2025;0
7094;33;33;28/02/2025;0
9870;0;213;28/02/2025;0
9887;5;5;28/02/2025;0
3043;40;0;28/02/2025;0
400;0;14;10/03/2025;0
4889;10;0;10/03/2025;0
9870;147;38;10/03/2025;0
9887;44;44;10/03/2025;0
9992;38;38;10/03/2025;0
3043;55;0;10/03/2025;0
1761;24;58;02/01/2025;0
2531/5209;241;0;02/01/2025;0
1761;86;0;03/01/2025;0
1770;73;108;03/01/2025;0
2531/5209;149;0;03/01/2025;0
1761;84;7;04/01/2025;0
1770;76;0;04/01/2025;0
2531/5209;683;0;04/01/2025;0
1761;73;0;06/01/2025;0
1770;93;0;06/01/2025;0
2531/5209;281;0;06/01/2025;0
1761;27;59;07/01/2025;0
2531/5209;622;1748;07/01/2025;0
1761;84;0;09/01/2025;0
1770;60;137;09/01/2025;0
2531/5209;95;0;09/01/2025;0
1761;34;26;11/01/2025;0
2531/5209;654;1130;11/01/2025;0
1;13;0;11/01/2025;0
1761;155;27;14/01/2025;0
2531/5209;373;0;14/01/2025;0
2549;12;0;14/01/2025;0
1761;84;0;16/01/2025;0
1770;60;100;16/01/2025;0
2531/5209;437;240;16/01/2025;0
1761;5;0;18/01/2025;0
1770;40;0;18/01/2025;0
2531/5209;524;0;18/01/2025;0
1;25;0;18/01/2025;0
1761;111;106;21/01/2025;0
1770;45;44;21/01/2025;0
2531/5209;616;1740;21/01/2025;0
2549;14;14;21/01/2025;0
1761;98;0;23/01/2025;0
2531/5209;432;660;23/01/2025;0
1761;37;94;25/01/2025;0
1770;67;83;25/01/2025;0
2531/5209;477;0;25/01/2025;0
1;26;0;25/01/2025;0
1770;55;0;28/01/2025;0
2531/5209;349;0;28/01/2025;0
1761;113;69;30/01/2025;0
1770;54;0;30/01/2025;0
2531/5209;251;0;30/01/2025;0
2531/5209;0;1710;31/01/2025;0
1761;75;50;01/02/2025;0
1770;34;115;01/02/2025;0
2531/5209;580;0;01/02/2025;0
1761;95;0;04/02/2025;0
1770;45;95;04/02/2025;0
2531/5209;488;0;04/02/2025;0
2549;12;12;04/02/2025;0
1761;81;92;06/02/2025;0
1770;55;0;06/02/2025;0
2531/5209;146;0;06/02/2025;0
1761;62;44;08/02/2025;0
1770;54;47;08/02/2025;0
2531/5209;370;0;08/02/2025;0
1761;36;168;11/02/2025;0
1770;37;0;11/02/2025;0
2531/5209;344;0;11/02/2025;0
2531/5209;0;1800;12/02/2025;0
1761;68;60;13/02/2025;0
1770;0;16;13/02/2025;0
2531/5209;298;0;13/02/2025;0
1;14;47;13/02/2025;0
1761;24;71;15/02/2025;0
1770;19;0;15/02/2025;0
2531/5209;270;0;15/02/2025;0
1;12;0;15/02/2025;0
1761;19;26;18/02/2025;0
2531/5209;321;0;18/02/2025;0
1761;22;60;20/02/2025;0
2531/5209;214;1800;20/02/2025;0
1;35;0;20/02/2025;0
1761;8;0;21/02/2025;0
2531/5209;320;0;21/02/2025;0
1761;95;50;25/02/2025;0
1770;25;81;25/02/2025;0
2531/5209;192;0;25/02/2025;0
2549;10;10;25/02/2025;0
1;16;16;25/02/2025;0
1761;71;35;27/02/2025;0
1770;39;52;27/02/2025;0
2531/5209;350;902;27/02/2025;0
1;0;7;27/02/2025;0
2531/5209;332;0;28/02/2025;0
1762;83;210;02/01/2025;0
1767;16;0;02/01/2025;0
1768;45;90;02/01/2025;0
1769;36;68;02/01/2025;0
1771;37;34;02/01/2025;0
2054;20;18;02/01/2025;0
2516;156;315;02/01/2025;0
3772;329;550;02/01/2025;0
6968;35;35;02/01/2025;0
9667;13;0;02/01/2025;0
1762;410;90;03/01/2025;0
1768;125;80;03/01/2025;0
1771;83;83;03/01/2025;0
5546;288;150;03/01/2025;0
5547;112;54;03/01/2025;0
6968;0;83;03/01/2025;0
7412;14;0;03/01/2025;0
9667;16;0;03/01/2025;0
5030;301;0;03/01/2025;0
1762;190;0;04/01/2025;0
1767;24;26;04/01/2025;0
1768;112;120;04/01/2025;0
1769;125;0;04/01/2025;0
1771;98;0;04/01/2025;0
2516;105;153;04/01/2025;0
3772;521;521;04/01/2025;0
6968;100;100;04/01/2025;0
5030;122;100;04/01/2025;0
1762;115;0;06/01/2025;0
1768;86;0;06/01/2025;0
1769;69;54;06/01/2025;0
1771;62;62;06/01/2025;0
2516;363;100;06/01/2025;0
3772;405;38;06/01/2025;0
5546;231;0;06/01/2025;0
5547;93;90;06/01/2025;0
6968;102;0;06/01/2025;0
7412;22;0;06/01/2025;0
9667;16;0;06/01/2025;0
5030;127;80;06/01/2025;0
4456;160;87;06/01/2025;0
1768;119;0;07/01/2025;0
1769;85;17;07/01/2025;0
1771;56;62;07/01/2025;0
2054;20;42;07/01/2025;0
2516;225;225;07/01/2025;0
2548;12;0;07/01/2025;0
3772;400;400;07/01/2025;0
6968;104;369;07/01/2025;0
1762;391;390;08/01/2025;0
1767;17;22;08/01/2025;0
1768;164;164;08/01/2025;0
1769;105;105;08/01/2025;0
1771;67;67;08/01/2025;0
5546;140;360;08/01/2025;0
5547;36;100;08/01/2025;0
7412;14;0;08/01/2025;0
9667;29;0;08/01/2025;0
5030;126;126;08/01/2025;0
1762;210;210;09/01/2025;0
1768;183;183;09/01/2025;0
1769;112;112;09/01/2025;0
1771;43;43;09/01/2025;0
2547;3;0;09/01/2025;0
5546;250;60;09/01/2025;0
5547;47;43;09/01/2025;0
5030;75;75;09/01/2025;0
4456;130;73;09/01/2025;0
1762;311;270;10/01/2025;0
2054;42;9;10/01/2025;0
2516;348;864;10/01/2025;0
3772;275;1272;10/01/2025;0
5546;268;149;10/01/2025;0
5547;126;15;10/01/2025;0
6968;100;0;10/01/2025;0
9667;46;0;10/01/2025;0
1762;153;180;11/01/2025;0
3772;0;240;11/01/2025;0
1768;33;210;13/01/2025;0
1769;38;171;13/01/2025;0
1771;25;71;13/01/2025;0
5546;150;353;13/01/2025;0
7412;43;60;13/01/2025;0
1767;12;0;14/01/2025;0
1768;80;84;14/01/2025;0
1769;36;13;14/01/2025;0
1771;29;12;14/01/2025;0
2054;5;45;14/01/2025;0
2516;188;500;14/01/2025;0
2547;10;8;14/01/2025;0
3772;265;500;14/01/2025;0
6968;80;98;14/01/2025;0
1767;21;0;15/01/2025;0
1768;176;30;15/01/2025;0
1769;98;98;15/01/2025;0
1771;62;23;15/01/2025;0
2516;110;500;15/01/2025;0
3772;185;600;15/01/2025;0
5546;30;230;15/01/2025;0
5547;62;90;15/01/2025;0
6968;150;49;15/01/2025;0
7412;68;0;15/01/2025;0
9667;25;0;15/01/2025;0
5030;80;120;15/01/2025;0
1768;110;102;16/01/2025;0
1769;62;62;16/01/2025;0
1771;40;40;16/01/2025;0
2054;48;5;16/01/2025;0
2516;86;100;16/01/2025;0
2547;5;5;16/01/2025;0
2548;12;0;16/01/2025;0
3772;166;115;16/01/2025;0
5546;75;93;16/01/2025;0
5547;58;120;16/01/2025;0
6968;90;0;16/01/2025;0
5030;49;0;16/01/2025;0
1762;22;270;17/01/2025;0
1768;83;120;17/01/2025;0
1769;53;78;17/01/2025;0
1771;49;49;17/01/2025;0
2516;122;73;17/01/2025;0
3772;320;0;17/01/2025;0
5546;370;94;17/01/2025;0
5547;132;76;17/01/2025;0
6968;85;0;17/01/2025;0
7412;39;0;17/01/2025;0
9667;20;30;17/01/2025;0
5030;67;0;17/01/2025;0
4456;70;116;17/01/2025;0
1762;37;0;18/01/2025;0
2516;62;62;18/01/2025;0
3772;255;255;18/01/2025;0
6968;81;405;18/01/2025;0
5030;46;60;18/01/2025;0
1762;217;180;20/01/2025;0
1767;25;0;20/01/2025;0
1768;66;0;20/01/2025;0
1769;42;54;20/01/2025;0
1771;39;41;20/01/2025;0
2516;180;100;20/01/2025;0
3772;430;100;20/01/2025;0
5546;151;382;20/01/2025;0
5547;113;150;20/01/2025;0
6968;180;75;20/01/2025;0
7412;42;30;20/01/2025;0
9667;22;0;20/01/2025;0
5030;79;120;20/01/2025;0
4456;62;148;20/01/2025;0
1768;77;165;21/01/2025;0
1769;54;54;21/01/2025;0
2054;44;49;21/01/2025;0
2516;196;550;21/01/2025;0
2547;7;6;21/01/2025;0
2548;10;0;21/01/2025;0
3772;321;550;21/01/2025;0
6968;150;185;21/01/2025;0
5030;61;61;21/01/2025;0
1762;430;420;22/01/2025;0
1767;16;0;22/01/2025;0
1768;103;103;22/01/2025;0
1769;38;38;22/01/2025;0
1771;28;38;22/01/2025;0
2516;186;286;22/01/2025;0
3772;367;367;22/01/2025;0
5547;74;90;22/01/2025;0
6968;90;203;22/01/2025;0
9667;28;42;22/01/2025;0
5030;50;110;22/01/2025;0
1762;103;0;23/01/2025;0
1768;98;90;23/01/2025;0
2054;1;0;23/01/2025;0
2516;252;252;23/01/2025;0
2547;7;13;23/01/2025;0
3772;257;257;23/01/2025;0
5546;169;176;23/01/2025;0
5547;66;90;23/01/2025;0
6968;70;236;23/01/2025;0
7412;33;0;23/01/2025;0
5030;53;0;23/01/2025;0
4456;89;93;23/01/2025;0
1762;228;360;24/01/2025;0
1769;0;60;24/01/2025;0
1771;35;30;24/01/2025;0
2516;282;0;24/01/2025;0
3772;516;516;24/01/2025;0
5546;352;136;24/01/2025;0
5547;169;66;24/01/2025;0
6968;136;45;24/01/2025;0
7412;28;30;24/01/2025;0
4456;79;17;24/01/2025;0
1762;123;180;25/01/2025;0
1768;56;56;25/01/2025;0
1769;45;30;25/01/2025;0
1771;34;0;25/01/2025;0
2516;57;0;25/01/2025;0
3772;236;996;25/01/2025;0
5030;70;0;25/01/2025;0
3772;0;592;27/01/2025;0
5546;90;290;27/01/2025;0
5547;85;90;27/01/2025;0
9667;34;17;27/01/2025;0
5030;31;31;27/01/2025;0
4456;90;0;27/01/2025;0
1768;53;43;28/01/2025;0
1769;36;47;28/01/2025;0
1771;46;23;28/01/2025;0
2054;3;18;28/01/2025;0
2516;262;262;28/01/2025;0
3772;281;263;28/01/2025;0
6968;170;244;28/01/2025;0
1768;78;68;29/01/2025;0
1769;43;34;29/01/2025;0
1771;52;0;29/01/2025;0
2516;70;387;29/01/2025;0
3772;0;70;29/01/2025;0
5546;121;90;29/01/2025;0
5547;52;90;29/01/2025;0
6968;158;158;29/01/2025;0
7412;3;0;29/01/2025;0
9667;38;18;29/01/2025;0
4456;100;90;29/01/2025;0
1762;132;180;30/01/2025;0
2054;6;0;30/01/2025;0
2516;62;62;30/01/2025;0
2547;12;12;30/01/2025;0
3772;275;305;30/01/2025;0
5546;72;129;30/01/2025;0
5547;70;90;30/01/2025;0
6968;102;102;30/01/2025;0
4456;69;69;30/01/2025;0
1767;15;30;31/01/2025;0
1768;69;55;31/01/2025;0
1769;43;41;31/01/2025;0
1771;31;25;31/01/2025;0
2516;154;154;31/01/2025;0
3772;479;89;31/01/2025;0
5546;144;55;31/01/2025;0
5547;130;30;31/01/2025;0
6968;99;0;31/01/2025;0
5030;49;96;31/01/2025;0
1767;11;21;01/02/2025;0
1768;43;60;01/02/2025;0
1769;23;0;01/02/2025;0
1771;28;0;01/02/2025;0
2516;75;219;01/02/2025;0
3772;92;200;01/02/2025;0
6968;87;1000;01/02/2025;0
7412;25;120;01/02/2025;0
9667;17;0;01/02/2025;0
2516;268;0;03/02/2025;0
3772;375;0;03/02/2025;0
5546;120;198;03/02/2025;0
5547;103;120;03/02/2025;0
6968;124;0;03/02/2025;0
1767;16;16;04/02/2025;0
1768;27;76;04/02/2025;0
1769;34;70;04/02/2025;0
1771;30;0;04/02/2025;0
2054;1;15;04/02/2025;0
2516;200;0;04/02/2025;0
2548;10;10;04/02/2025;0
3772;200;0;04/02/2025;0
6968;114;0;04/02/2025;0
9667;4;29;04/02/2025;0
5030;42;0;04/02/2025;0
1762;63;480;05/02/2025;0
1768;33;40;05/02/2025;0
2516;0;430;05/02/2025;0
3772;0;430;05/02/2025;0
6968;0;420;05/02/2025;0
9667;9;0;05/02/2025;0
5030;116;0;05/02/2025;0
1762;101;150;06/02/2025;0
1767;12;18;06/02/2025;0
1768;74;23;06/02/2025;0
1769;40;37;06/02/2025;0
1771;27;27;06/02/2025;0
2054;4;9;06/02/2025;0
2516;0;410;06/02/2025;0
2547;7;6;06/02/2025;0
3772;0;410;06/02/2025;0
5547;39;90;06/02/2025;0
6968;0;410;06/02/2025;0
5030;53;35;06/02/2025;0
1768;85;0;07/02/2025;0
1769;51;51;07/02/2025;0
1771;37;0;07/02/2025;0
2516;153;75;07/02/2025;0
3772;30;0;07/02/2025;0
5546;107;154;07/02/2025;0
6968;20;20;07/02/2025;0
7412;29;0;07/02/2025;0
9667;15;0;07/02/2025;0
1762;228;120;08/02/2025;0
1767;14;20;08/02/2025;0
1768;44;90;08/02/2025;0
1769;18;42;08/02/2025;0
2516;0;150;08/02/2025;0
3772;0;175;08/02/2025;0
6968;0;150;08/02/2025;0
5030;33;0;08/02/2025;0
1762;133;150;10/02/2025;0
1767;10;12;10/02/2025;0
1768;40;0;10/02/2025;0
1771;26;25;10/02/2025;0
2516;260;125;10/02/2025;0
3772;306;131;10/02/2025;0
6968;190;0;10/02/2025;0
7412;45;30;10/02/2025;0
1769;18;20;11/02/2025;0
2054;10;5;11/02/2025;0
2516;115;115;11/02/2025;0
3772;463;450;11/02/2025;0
5547;55;150;11/02/2025;0
6968;127;10;11/02/2025;0
4456;70;150;11/02/2025;0
1762;209;120;13/02/2025;0
1769;29;0;13/02/2025;0
1771;20;36;13/02/2025;0
2054;15;7;13/02/2025;0
2516;371;230;13/02/2025;0
2547;7;8;13/02/2025;0
3772;677;650;13/02/2025;0
5546;150;106;13/02/2025;0
5547;45;51;13/02/2025;0
6968;150;23;13/02/2025;0
7412;30;0;13/02/2025;0
9667;18;21;13/02/2025;0
5030;22;63;13/02/2025;0
4456;48;60;13/02/2025;0
1767;13;24;14/02/2025;0
1768;24;90;14/02/2025;0
1769;18;36;14/02/2025;0
2516;291;0;14/02/2025;0
3772;504;0;14/02/2025;0
5547;92;25;14/02/2025;0
6968;177;0;14/02/2025;0
7412;10;0;14/02/2025;0
9667;33;0;14/02/2025;0
4456;40;30;14/02/2025;0
1768;39;42;15/02/2025;0
1769;26;16;15/02/2025;0
1771;19;25;15/02/2025;0
2516;0;500;15/02/2025;0
3772;0;500;15/02/2025;0
6968;0;122;15/02/2025;0
5030;34;55;15/02/2025;0
1767;12;25;18/02/2025;0
1768;47;60;18/02/2025;0
1769;23;42;18/02/2025;0
1771;15;28;18/02/2025;0
2054;9;12;18/02/2025;0
2516;40;40;18/02/2025;0
2548;10;14;18/02/2025;0
3772;30;30;18/02/2025;0
5547;70;88;18/02/2025;0
6968;120;387;18/02/2025;0
9667;18;6;18/02/2025;0
5030;24;40;18/02/2025;0
4456;20;37;18/02/2025;0
1762;46;240;20/02/2025;0
1767;12;0;20/02/2025;0
1768;49;52;20/02/2025;0
1769;24;26;20/02/2025;0
1771;26;16;20/02/2025;0
2054;24;6;20/02/2025;0
2516;0;150;20/02/2025;0
2547;10;11;20/02/2025;0
3772;0;150;20/02/2025;0
5546;100;90;20/02/2025;0
5547;46;60;20/02/2025;0
6968;0;86;20/02/2025;0
7412;1;0;20/02/2025;0
9667;9;30;20/02/2025;0
5030;24;29;20/02/2025;0
4456;32;0;20/02/2025;0
1768;20;38;21/02/2025;0
1769;18;22;21/02/2025;0
1771;14;0;21/02/2025;0
2516;20;0;21/02/2025;0
3772;48;0;21/02/2025;0
5547;84;64;21/02/2025;0
6968;120;118;21/02/2025;0
7412;12;0;21/02/2025;0
9667;7;0;21/02/2025;0
1762;78;180;25/02/2025;0
1767;14;23;25/02/2025;0
1768;52;59;25/02/2025;0
1769;33;17;25/02/2025;0
1771;27;17;25/02/2025;0
2054;14;29;25/02/2025;0
2516;225;225;25/02/2025;0
3772;227;227;25/02/2025;0
5547;52;77;25/02/2025;0
6968;149;359;25/02/2025;0
7412;28;30;25/02/2025;0
9667;4;0;25/02/2025;0
5030;37;29;25/02/2025;0
4456;41;108;25/02/2025;0
1762;138;120;27/02/2025;0
1768;67;38;27/02/2025;0
1769;35;33;27/02/2025;0
1771;37;27;27/02/2025;0
2516;350;363;27/02/2025;0
2547;10;8;27/02/2025;0
2548;14;7;27/02/2025;0
3772;217;217;27/02/2025;0
5546;89;97;27/02/2025;0
5547;58;60;27/02/2025;0
6968;152;152;27/02/2025;0
7412;31;0;27/02/2025;0
5030;72;0;27/02/2025;0
4456;120;0;27/02/2025;0
1768;20;37;28/02/2025;0
1769;20;16;28/02/2025;0
1771;15;35;28/02/2025;0
5547;150;0;28/02/2025;0
1762;49;120;03/03/2025;0
1771;11;14;03/03/2025;0
2516;139;0;03/03/2025;0
3772;213;0;03/03/2025;0
5546;50;47;03/03/2025;0
6968;110;0;03/03/2025;0
1762;49;120;06/03/2025;0
1768;35;70;06/03/2025;0
1769;23;33;06/03/2025;0
2516;87;387;06/03/2025;0
3772;132;432;06/03/2025;0
6968;100;605;06/03/2025;0
9667;25;29;06/03/2025;0
5030;38;0;06/03/2025;0
4456;64;29;06/03/2025;0
5174;14;0;02/01/2025;0
9801;16;8;02/01/2025;0
9805;23;23;02/01/2025;0
9809;7;14;02/01/2025;0
9811;34;2;02/01/2025;0
9812;21;23;02/01/2025;0
9815;25;45;02/01/2025;0
9817;16;17;02/01/2025;0
9851;22;21;02/01/2025;0
9856;21;9;02/01/2025;0
6681;13;9;02/01/2025;0
9806;16;11;02/01/2025;0
9836;4;9;02/01/2025;0
9849;25;15;02/01/2025;0
9858;9;7;02/01/2025;0
9888;6;0;02/01/2025;0
1318;64;67;30/12/2025;0
3050;68;100;30/12/2025;0
5499;15;14;02/01/2025;0
6636;29;39;02/01/2025;0
1190;53;15;02/01/2025;0
1190;21;67;02/01/2025;0
1365;33;10;02/01/2025;0
3037;41;41;02/01/2025;0
3037;25;25;02/01/2025;0
3038;26;26;02/01/2025;0
3044;33;98;02/01/2025;0
3044;40;10;02/01/2025;0
3167;47;0;02/01/2025;0
3558;10;10;02/01/2025;0
3919;58;69;02/01/2025;0
3919;72;72;02/01/2025;0
5537;54;78;02/01/2025;0
5537;36;0;02/01/2025;0
6064;387;311;02/01/2025;0
7467;90;90;02/01/2025;0
8454;21;80;02/01/2025;0
9944;8;8;02/01/2025;0
300;125;129;03/01/2025;0
1318;65;65;03/01/2025;0
1443;17;50;03/01/2025;0
3050;83;58;03/01/2025;0
3052;28;0;03/01/2025;0
5498;38;75;03/01/2025;0
6602;18;0;03/01/2025;0
6603;25;68;03/01/2025;0
300;205;29;04/01/2025;0
1443;32;0;04/01/2025;0
3050;145;67;04/01/2025;0
3052;64;29;04/01/2025;0
5498;76;17;04/01/2025;0
6602;15;65;04/01/2025;0
6603;30;40;04/01/2025;0
2036;7;53;04/01/2025;0
1558;50;68;03/01/2025;0
3047;68;177;03/01/2025;0
3048;13;15;03/01/2025;0
3049;32;33;03/01/2025;0
3053;3;4;03/01/2025;0
6110;30;196;03/01/2025;0
1558;30;0;04/01/2025;0
3047;135;41;04/01/2025;0
3049;53;35;04/01/2025;0
1558;60;50;06/01/2025;0
3047;82;187;06/01/2025;0
3048;14;15;06/01/2025;0
3049;50;48;06/01/2025;0
6110;135;0;06/01/2025;0
5499;15;14;02/01/2025;0
6636;29;39;02/01/2025;0
5780;3;3;06/01/2025;0
6636;82;0;06/01/2025;0
6628;3;3;03/01/2025;0
6641;12;12;03/01/2025;0
6682;8;5;03/01/2025;0
9808;17;18;03/01/2025;0
9814;13;15;03/01/2025;0
9826;10;11;03/01/2025;0
9832;24;43;03/01/2025;0
9837;116;110;03/01/2025;0
9839;13;14;03/01/2025;0
9848;20;18;03/01/2025;0
6681;7;1;04/01/2025;0
6628;17;17;06/01/2025;0
6639;12;4;06/01/2025;0
6681;22;12;06/01/2025;0
9810;6;5;06/01/2025;0
9814;15;24;06/01/2025;0
9826;19;10;06/01/2025;0
9837;70;51;06/01/2025;0
9839;27;22;06/01/2025;0
9848;25;16;06/01/2025;0
1765;14;6;03/01/2025;0
6640;6;6;03/01/2025;0
6733;9;7;03/01/2025;0
9803;14;26;03/01/2025;0
9805;55;21;03/01/2025;0
9816;24;0;03/01/2025;0
9842;35;37;03/01/2025;0
9851;43;34;03/01/2025;0
9816;9;53;04/01/2025;0
6625;18;9;06/01/2025;0
6626;13;13;06/01/2025;0
6627;12;7;06/01/2025;0
9803;17;25;06/01/2025;0
9805;61;47;06/01/2025;0
9807;0;12;06/01/2025;0
9811;29;7;06/01/2025;0
9816;46;1;06/01/2025;0
9817;25;5;06/01/2025;0
9827;7;8;06/01/2025;0
9851;62;49;06/01/2025;0
3167;23;0;03/01/2025;0
1190;34;22;03/01/2025;0
1365;150;111;03/01/2025;0
3034;79;76;03/01/2025;0
3035;38;62;03/01/2025;0
3036;22;28;03/01/2025;0
3038;22;22;03/01/2025;0
3041;95;76;03/01/2025;0
3042;49;55;03/01/2025;0
3044;59;70;03/01/2025;0
3558;25;25;03/01/2025;0
6891;0;79;03/01/2025;0
7020;30;36;03/01/2025;0
8454;48;0;03/01/2025;0
9140;341;154;03/01/2025;0
9874;51;31;03/01/2025;0
9875;88;88;03/01/2025;0
1364;9;0;03/01/2025;0
9944;108;24;03/01/2025;0
1364;6;0;04/01/2025;0
3044;22;0;04/01/2025;0
3034;75;43;04/01/2025;0
3037;59;67;04/01/2025;0
3167;81;75;04/01/2025;0
6891;210;0;06/01/2025;0
3038;73;73;06/01/2025;0
3044;74;74;06/01/2025;0
3167;57;42;06/01/2025;0
3036;9;9;06/01/2025;0
1190;40;51;06/01/2025;0
5537;61;72;06/01/2025;0
3035;55;50;06/01/2025;0
3558;18;18;06/01/2025;0
6064;370;174;06/01/2025;0
6893;12;11;06/01/2025;0
7020;43;43;06/01/2025;0
7467;31;31;06/01/2025;0
8454;40;0;06/01/2025;0
9042;96;144;06/01/2025;0
9723;66;88;06/01/2025;0
9944;87;72;06/01/2025;0
1365;338;108;06/01/2025;0
1190;17;51;07/01/2025;0
9723;15;34;07/01/2025;0
3041;108;73;07/01/2025;0
5537;107;0;07/01/2025;0
7020;19;19;07/01/2025;0
9042;30;62;07/01/2025;0
9140;0;131;04/01/2025;0
9140;17;0;06/01/2025;0
9140;0;149;07/01/2025;0
3036;17;25;07/01/2025;0
9875;63;63;07/01/2025;0
3558;17;17;07/01/2025;0
3035;36;42;07/01/2025;0
3038;33;33;07/01/2025;0
8454;19;37;07/01/2025;0
3034;89;88;07/01/2025;0
3042;49;28;07/01/2025;0
9874;26;32;07/01/2025;0
3044;16;80;07/01/2025;0
300;20;100;06/01/2025;0
1318;32;91;06/01/2025;0
3050;68;130;06/01/2025;0
3052;60;50;06/01/2025;0
5498;64;75;06/01/2025;0
6602;40;34;06/01/2025;0
2036;14;14;06/01/2025;0
1558;60;50;06/01/2025;0
3047;82;187;06/01/2025;0
3048;14;15;06/01/2025;0
3049;50;48;06/01/2025;0
6110;135;0;06/01/2025;0
700;2;4;07/01/2025;0
1765;7;11;07/01/2025;0
6488;10;15;07/01/2025;0
6640;6;6;07/01/2025;0
6733;12;10;07/01/2025;0
9801;12;23;07/01/2025;0
9812;37;35;07/01/2025;0
9816;24;47;07/01/2025;0
9817;22;31;07/01/2025;0
9860;8;3;07/01/2025;0
3032;8;8;07/01/2025;0
6641;14;14;07/01/2025;0
6682;9;8;07/01/2025;0
9808;14;20;07/01/2025;0
9832;33;27;07/01/2025;0
9848;22;0;07/01/2025;0
9849;20;20;07/01/2025;0
9888;0;14;07/01/2025;0
3167;74;109;08/01/2025;0
3558;10;10;08/01/2025;0
1364;15;0;08/01/2025;0
3919;121;85;08/01/2025;0
3042;65;27;08/01/2025;0
3044;49;41;08/01/2025;0
6891;613;455;03/01/2025;0
6891;280;409;08/01/2025;0
7020;38;24;08/01/2025;0
8454;45;100;08/01/2025;0
9140;251;291;08/01/2025;0
9723;11;30;08/01/2025;0
9944;13;13;08/01/2025;0
1190;17;16;08/01/2025;0
1365;427;384;08/01/2025;0
3034;52;46;08/01/2025;0
3035;62;56;08/01/2025;0
3036;25;25;08/01/2025;0
3038;5;5;08/01/2025;0
3004;120;0;02/01/2025;0
3004;71;300;04/01/2025;0
3004;9;75;06/01/2025;0
3004;25;0;06/01/2025;0
3004;10;0;06/01/2025;0
3004;780;0;06/01/2025;0
9803;32;15;08/01/2025;0
9805;41;41;08/01/2025;0
9807;11;0;08/01/2025;0
9824;3;4;08/01/2025;0
9842;13;36;08/01/2025;0
9851;41;65;08/01/2025;0
9856;14;20;08/01/2025;0
6681;8;4;08/01/2025;0
9814;25;16;08/01/2025;0
9826;25;19;08/01/2025;0
9837;76;69;08/01/2025;0
9839;14;19;08/01/2025;0
1558;35;45;08/01/2025;0
3047;89;98;08/01/2025;0
3048;17;15;08/01/2025;0
3049;67;51;08/01/2025;0
6110;323;0;08/01/2025;0
7327;1;1;08/01/2025;0
700;9;2;09/01/2025;0
5174;16;0;09/01/2025;0
6488;3;8;09/01/2025;0
6625;15;19;09/01/2025;0
6626;14;14;09/01/2025;0
6640;7;7;09/01/2025;0
9801;20;15;09/01/2025;0
9809;18;12;09/01/2025;0
9811;34;10;09/01/2025;0
9812;63;63;09/01/2025;0
9815;23;21;09/01/2025;0
9816;37;16;09/01/2025;0
9817;26;9;09/01/2025;0
9860;2;3;09/01/2025;0
3032;12;12;09/01/2025;0
6628;12;0;09/01/2025;0
6639;5;20;09/01/2025;0
9806;25;16;09/01/2025;0
9808;26;28;09/01/2025;0
9835;8;15;09/01/2025;0
9836;7;28;09/01/2025;0
9849;13;14;09/01/2025;0
9888;2;3;09/01/2025;0
300;10;91;08/01/2025;0
1318;48;18;08/01/2025;0
1443;30;50;08/01/2025;0
3050;136;74;08/01/2025;0
3052;65;60;08/01/2025;0
5498;69;40;08/01/2025;0
6602;41;33;08/01/2025;0
6603;30;30;08/01/2025;0
2036;14;14;08/01/2025;0
5499;30;17;09/01/2025;0
6636;16;51;09/01/2025;0
9855;15;15;09/01/2025;0
9952;44;36;08/01/2025;0
6891;343;0;09/01/2025;0
3558;20;20;09/01/2025;0
3042;63;0;09/01/2025;0
1190;30;8;09/01/2025;0
3036;8;8;09/01/2025;0
3037;68;68;09/01/2025;0
3038;54;54;09/01/2025;0
3041;8;0;09/01/2025;0
3044;9;39;09/01/2025;0
3167;92;49;09/01/2025;0
5537;113;75;09/01/2025;0
6805;9;9;09/01/2025;0
9874;42;31;09/01/2025;0
8454;6;7;09/01/2025;0
9140;46;156;09/01/2025;0
9944;49;49;09/01/2025;0
9952;14;8;09/01/2025;0
3004;750;308;08/01/2025;0
9723;32;42;10/01/2025;0
1190;66;43;10/01/2025;0
3034;90;120;10/01/2025;0
3036;34;40;10/01/2025;0
3041;0;50;08/01/2025;0
3041;109;72;10/01/2025;0
3042;117;39;10/01/2025;0
3044;66;75;10/01/2025;0
3167;84;60;10/01/2025;0
3038;22;22;10/01/2025;0
3558;43;22;10/01/2025;0
3919;66;72;10/01/2025;0
6064;335;129;10/01/2025;0
6891;230;134;10/01/2025;0
7020;9;9;10/01/2025;0
9042;35;50;10/01/2025;0
9874;36;36;10/01/2025;0
9875;83;83;10/01/2025;0
8454;20;0;10/01/2025;0
9944;33;71;10/01/2025;0
3035;40;76;10/01/2025;0
1365;404;299;10/01/2025;0
1765;9;9;10/01/2025;0
3720;6;6;10/01/2025;0
6640;6;6;10/01/2025;0
6733;4;8;10/01/2025;0
9803;27;11;10/01/2025;0
9805;57;42;10/01/2025;0
9807;0;9;10/01/2025;0
9813;3;12;10/01/2025;0
9815;16;23;10/01/2025;0
9816;16;35;10/01/2025;0
9817;0;17;10/01/2025;0
9842;25;20;10/01/2025;0
9851;39;36;10/01/2025;0
9856;15;13;10/01/2025;0
5174;53;47;11/01/2025;0
9805;26;46;11/01/2025;0
9851;30;46;11/01/2025;0
6628;1;13;10/01/2025;0
6641;4;4;10/01/2025;0
6682;4;9;10/01/2025;0
9814;16;17;10/01/2025;0
9826;29;23;10/01/2025;0
9832;27;33;10/01/2025;0
9837;40;52;10/01/2025;0
9839;5;12;10/01/2025;0
9849;6;9;10/01/2025;0
9837;25;125;11/01/2025;0
9839;37;12;11/01/2025;0
9849;23;10;11/01/2025;0
6633;7;19;10/01/2025;0
6703;12;22;10/01/2025;0
9850;7;7;10/01/2025;0
5780;17;17;13/01/2025;0
6636;29;83;13/01/2025;0
300;80;90;10/01/2025;0
1443;22;61;10/01/2025;0
1318;37;31;10/01/2025;0
3050;80;150;10/01/2025;0
3052;40;50;10/01/2025;0
5498;44;99;10/01/2025;0
6602;30;32;10/01/2025;0
6603;50;0;10/01/2025;0
2036;23;13;10/01/2025;0
300;150;61;11/01/2025;0
1443;22;8;11/01/2025;0
1318;30;26;11/01/2025;0
3050;142;64;11/01/2025;0
3052;84;73;11/01/2025;0
5498;94;70;11/01/2025;0
2036;35;9;11/01/2025;0
300;32;37;13/01/2025;0
1443;33;32;13/01/2025;0
1318;32;56;13/01/2025;0
3050;86;153;13/01/2025;0
3052;76;88;13/01/2025;0
5498;86;40;13/01/2025;0
6602;41;61;13/01/2025;0
6603;60;100;13/01/2025;0
1558;35;43;10/01/2025;0
3047;55;84;10/01/2025;0
3049;47;44;10/01/2025;0
3053;7;3;10/01/2025;0
6110;313;504;10/01/2025;0
1558;100;0;11/01/2025;0
3047;112;63;11/01/2025;0
3049;66;33;11/01/2025;0
6625;27;15;13/01/2025;0
6626;26;26;13/01/2025;0
6627;23;13;13/01/2025;0
9805;43;41;13/01/2025;0
9816;34;10;13/01/2025;0
9827;9;6;13/01/2025;0
9842;27;19;13/01/2025;0
9851;42;40;13/01/2025;0
6628;25;1;13/01/2025;0
6639;15;5;13/01/2025;0
6681;13;5;13/01/2025;0
9826;35;29;13/01/2025;0
9837;60;45;13/01/2025;0
9839;24;14;13/01/2025;0
3004;8;8;09/01/2025;0
3004;0;275;09/01/2025;0
3038;126;126;11/01/2025;0
1190;73;51;11/01/2025;0
7020;116;26;11/01/2025;0
3037;73;73;11/01/2025;0
3044;66;43;11/01/2025;0
3558;23;33;11/01/2025;0
9944;37;81;11/01/2025;0
9723;23;0;11/01/2025;0
3038;42;42;13/01/2025;0
1364;3;0;13/01/2025;0
3167;89;61;13/01/2025;0
3035;88;60;13/01/2025;0
6893;9;9;13/01/2025;0
1365;117;39;13/01/2025;0
3034;120;85;13/01/2025;0
3044;121;51;13/01/2025;0
3558;31;42;13/01/2025;0
5537;96;54;13/01/2025;0
7467;145;145;13/01/2025;0
8454;15;23;13/01/2025;0
9042;202;186;13/01/2025;0
9140;0;186;11/01/2025;0
9140;522;209;13/01/2025;0
9944;28;28;13/01/2025;0
700;5;1;14/01/2025;0
1765;13;7;14/01/2025;0
5174;43;62;14/01/2025;0
6488;36;0;14/01/2025;0
9474;67;67;14/01/2025;0
9801;13;10;14/01/2025;0
9803;43;41;14/01/2025;0
9812;32;32;14/01/2025;0
9815;38;9;14/01/2025;0
9823;6;0;14/01/2025;0
9845;5;5;14/01/2025;0
9847;6;0;14/01/2025;0
9860;16;2;14/01/2025;0
3032;11;11;14/01/2025;0
6628;0;16;14/01/2025;0
9808;27;18;14/01/2025;0
9810;9;7;14/01/2025;0
9832;40;40;14/01/2025;0
9848;0;40;14/01/2025;0
9858;10;10;14/01/2025;0
9495;0;22;14/01/2025;0
3004;105;105;13/01/2025;0
3047;76;55;13/01/2025;0
3048;16;0;13/01/2025;0
3049;52;86;13/01/2025;0
6110;91;0;13/01/2025;0
9723;101;0;13/01/2025;0
9875;33;33;13/01/2025;0
3558;62;22;14/01/2025;0
9875;95;95;14/01/2025;0
9952;53;29;14/01/2025;0
3044;36;70;14/01/2025;0
9042;117;105;14/01/2025;0
3041;144;80;14/01/2025;0
9944;153;45;14/01/2025;0
3042;110;59;14/01/2025;0
3036;33;36;14/01/2025;0
8454;24;46;14/01/2025;0
9874;28;30;14/01/2025;0
1190;59;72;14/01/2025;0
1190;45;48;15/01/2025;0
1365;135;133;15/01/2025;0
3035;82;78;15/01/2025;0
3044;73;63;15/01/2025;0
9874;38;38;15/01/2025;0
6891;180;243;15/01/2025;0
3034;135;116;15/01/2025;0
6064;357;226;15/01/2025;0
8454;16;16;15/01/2025;0
9944;7;46;15/01/2025;0
7020;62;43;15/01/2025;0
3167;92;82;15/01/2025;0
3919;129;117;15/01/2025;0
300;65;162;15/01/2025;0
1318;41;31;15/01/2025;0
1443;40;18;15/01/2025;0
2036;30;28;15/01/2025;0
3050;134;102;15/01/2025;0
3052;79;43;15/01/2025;0
5498;73;34;15/01/2025;0
6602;42;21;15/01/2025;0
6603;65;77;15/01/2025;0
9805;49;47;15/01/2025;0
9807;16;18;15/01/2025;0
9816;28;35;15/01/2025;0
9818;6;6;15/01/2025;0
9834;8;15;15/01/2025;0
9842;38;25;15/01/2025;0
9846;5;5;15/01/2025;0
9851;37;46;15/01/2025;0
9856;31;17;15/01/2025;0
6681;28;18;15/01/2025;0
9806;22;46;15/01/2025;0
9814;37;13;15/01/2025;0
9826;27;22;15/01/2025;0
9837;167;36;15/01/2025;0
1558;25;34;15/01/2025;0
3047;93;78;15/01/2025;0
3048;16;34;15/01/2025;0
6110;245;224;15/01/2025;0
7327;2;2;15/01/2025;0
5499;31;0;16/01/2025;0
9855;17;16;16/01/2025;0
700;12;8;16/01/2025;0
5174;75;27;16/01/2025;0
6488;21;14;16/01/2025;0
6625;32;17;16/01/2025;0
6626;24;24;16/01/2025;0
9801;18;7;16/01/2025;0
9809;14;22;16/01/2025;0
9811;54;30;16/01/2025;0
9812;122;101;16/01/2025;0
9815;32;29;16/01/2025;0
9817;42;24;16/01/2025;0
3026;14;14;16/01/2025;0
3027;22;0;16/01/2025;0
3032;13;13;16/01/2025;0
6639;14;0;16/01/2025;0
9806;38;0;16/01/2025;0
9808;41;22;16/01/2025;0
9835;9;7;16/01/2025;0
9836;25;29;16/01/2025;0
9848;42;23;16/01/2025;0
9849;30;3;16/01/2025;0
9888;28;0;16/01/2025;0
3047;65;136;17/01/2025;0
3049;34;15;17/01/2025;0
300;30;92;17/01/2025;0
1318;27;24;17/01/2025;0
1443;16;37;17/01/2025;0
2036;24;34;17/01/2025;0
3050;72;78;17/01/2025;0
3052;90;0;17/01/2025;0
5498;31;0;17/01/2025;0
6602;34;27;17/01/2025;0
6603;49;75;17/01/2025;0
1443;35;12;18/01/2025;0
3050;154;94;18/01/2025;0
3052;180;132;18/01/2025;0
5499;28;58;18/01/2025;0
6636;48;31;18/01/2025;0
1765;8;8;17/01/2025;0
6640;27;0;17/01/2025;0
6733;25;5;17/01/2025;0
9803;28;20;17/01/2025;0
9805;69;30;17/01/2025;0
9813;17;26;17/01/2025;0
9816;29;36;17/01/2025;0
9834;21;17;17/01/2025;0
9842;62;30;17/01/2025;0
9847;30;3;17/01/2025;0
9851;35;52;17/01/2025;0
6628;14;8;17/01/2025;0
6641;31;9;17/01/2025;0
6682;30;4;17/01/2025;0
9826;27;17;17/01/2025;0
9832;32;32;17/01/2025;0
9837;206;162;17/01/2025;0
9839;20;20;17/01/2025;0
9848;51;5;17/01/2025;0
1558;25;153;17/01/2025;0
3048;35;16;17/01/2025;0
6110;203;308;17/01/2025;0
3720;15;15;18/01/2025;0
6640;0;27;18/01/2025;0
9811;38;13;18/01/2025;0
9813;36;21;18/01/2025;0
9817;28;0;18/01/2025;0
9845;23;9;18/01/2025;0
1558;30;38;18/01/2025;0
3047;143;55;18/01/2025;0
3049;62;69;18/01/2025;0
300;70;46;18/01/2025;0
1318;11;12;18/01/2025;0
2036;5;20;18/01/2025;0
3050;44;27;18/01/2025;0
5498;100;44;18/01/2025;0
6603;30;50;18/01/2025;0
6636;52;42;20/01/2025;0
5174;11;32;18/01/2025;0
9806;28;26;18/01/2025;0
9849;16;22;18/01/2025;0
3720;25;25;20/01/2025;0
6625;28;29;20/01/2025;0
6626;18;18;20/01/2025;0
6627;17;21;20/01/2025;0
9803;57;32;20/01/2025;0
9805;73;71;20/01/2025;0
9816;36;39;20/01/2025;0
9817;0;28;20/01/2025;0
9827;6;14;20/01/2025;0
9842;40;43;20/01/2025;0
9851;40;58;20/01/2025;0
9856;25;28;20/01/2025;0
6628;26;0;20/01/2025;0
6639;13;23;20/01/2025;0
6681;4;7;20/01/2025;0
9806;23;23;20/01/2025;0
9810;7;8;20/01/2025;0
9826;21;27;20/01/2025;0
9837;126;137;20/01/2025;0
9839;23;27;20/01/2025;0
9849;26;18;20/01/2025;0
6636;52;42;20/01/2025;0
1558;50;25;20/01/2025;0
3047;90;224;20/01/2025;0
3048;15;34;20/01/2025;0
3049;61;53;20/01/2025;0
6110;12;0;20/01/2025;0
7327;2;2;20/01/2025;0
300;100;116;20/01/2025;0
1318;27;0;20/01/2025;0
1443;17;0;20/01/2025;0
2036;20;0;20/01/2025;0
3050;124;177;20/01/2025;0
3052;101;95;20/01/2025;0
5498;73;100;20/01/2025;0
6602;30;50;20/01/2025;0
6603;25;75;20/01/2025;0
3004;116;0;16/01/2025;0
3032;16;0;21/01/2025;0
6681;14;14;21/01/2025;0
9808;26;39;21/01/2025;0
9832;35;35;21/01/2025;0
9836;26;19;21/01/2025;0
9849;49;1;21/01/2025;0
9858;10;0;21/01/2025;0
9888;0;16;21/01/2025;0
9495;49;29;21/01/2025;0
700;6;15;21/01/2025;0
1765;6;11;21/01/2025;0
5174;60;55;21/01/2025;0
6488;5;6;21/01/2025;0
9474;9;9;21/01/2025;0
9801;19;28;21/01/2025;0
9805;0;27;21/01/2025;0
9807;13;1;21/01/2025;0
9812;48;69;21/01/2025;0
9815;14;21;21/01/2025;0
9845;8;11;21/01/2025;0
9851;0;36;21/01/2025;0
9860;16;20;21/01/2025;0
3004;425;409;21/01/2025;0
300;100;60;22/01/2025;0
1318;26;102;22/01/2025;0
1443;29;60;22/01/2025;0
2036;22;43;22/01/2025;0
3050;184;108;22/01/2025;0
3052;95;181;22/01/2025;0
5498;82;53;22/01/2025;0
6603;45;75;22/01/2025;0
9803;24;12;22/01/2025;0
9805;52;45;22/01/2025;0
9816;35;34;22/01/2025;0
9818;6;0;22/01/2025;0
9842;30;20;22/01/2025;0
9846;5;5;22/01/2025;0
9851;53;26;22/01/2025;0
3027;0;25;22/01/2025;0
6628;0;25;22/01/2025;0
9814;21;49;22/01/2025;0
9826;19;9;22/01/2025;0
9839;23;22;22/01/2025;0
6636;62;6;23/01/2025;0
1190;54;58;16/01/2025;0
9723;22;44;16/01/2025;0
6805;14;14;16/01/2025;0
3038;73;73;16/01/2025;0
3558;58;61;16/01/2025;0
3919;127;113;16/01/2025;0
9042;42;30;16/01/2025;0
6891;485;492;16/01/2025;0
3037;81;81;16/01/2025;0
3042;111;72;16/01/2025;0
3044;53;40;16/01/2025;0
3167;92;82;16/01/2025;0
8454;88;88;16/01/2025;0
5537;99;68;16/01/2025;0
3036;43;51;16/01/2025;0
9944;38;27;16/01/2025;0
1364;7;0;17/01/2025;0
9042;9;0;17/01/2025;0
8454;64;0;17/01/2025;0
9944;71;0;17/01/2025;0
9875;118;118;17/01/2025;0
1190;46;43;17/01/2025;0
1365;133;136;17/01/2025;0
3035;48;80;17/01/2025;0
3038;7;5;17/01/2025;0
3041;124;44;17/01/2025;0
3044;82;92;17/01/2025;0
3167;84;44;17/01/2025;0
3558;67;53;17/01/2025;0
3919;124;139;17/01/2025;0
6064;394;152;17/01/2025;0
6891;195;329;17/01/2025;0
9723;37;0;17/01/2025;0
9874;47;56;17/01/2025;0
1190;69;69;18/01/2025;0
9723;29;0;18/01/2025;0
3042;101;86;18/01/2025;0
8454;18;100;18/01/2025;0
9944;46;46;18/01/2025;0
3034;125;140;18/01/2025;0
3037;115;102;18/01/2025;0
7020;87;52;18/01/2025;0
7467;145;145;20/01/2025;0
3035;66;50;20/01/2025;0
3036;35;35;20/01/2025;0
3044;85;79;20/01/2025;0
3167;67;59;20/01/2025;0
3558;43;55;20/01/2025;0
5537;116;91;20/01/2025;0
8454;30;30;20/01/2025;0
9723;72;144;20/01/2025;0
9944;50;22;20/01/2025;0
1365;17;205;20/01/2025;0
6891;94;0;20/01/2025;0
6893;9;0;20/01/2025;0
3558;51;64;21/01/2025;0
1190;42;0;21/01/2025;0
6891;135;294;21/01/2025;0
9874;29;30;21/01/2025;0
3036;36;36;21/01/2025;0
9723;6;0;21/01/2025;0
3038;86;86;21/01/2025;0
3041;144;68;21/01/2025;0
9944;40;22;21/01/2025;0
8454;19;19;21/01/2025;0
9952;28;23;21/01/2025;0
9875;15;15;20/01/2025;0
9875;85;83;21/01/2025;0
9140;40;183;21/01/2025;0
7467;22;0;21/01/2025;0
700;5;5;23/01/2025;0
6488;5;15;23/01/2025;0
6625;10;0;23/01/2025;0
6626;9;9;23/01/2025;0
9801;25;13;23/01/2025;0
9809;16;21;23/01/2025;0
9812;81;61;23/01/2025;0
9815;24;0;23/01/2025;0
9856;15;19;23/01/2025;0
9860;20;21;23/01/2025;0
3032;15;16;23/01/2025;0
6639;10;1;23/01/2025;0
9808;34;17;23/01/2025;0
9888;11;1;23/01/2025;0
6805;8;8;21/01/2025;0
1365;427;431;22/01/2025;0
3035;65;60;22/01/2025;0
9874;40;42;22/01/2025;0
9140;0;186;14/01/2025;0
9140;0;153;16/01/2025;0
9140;0;149;18/01/2025;0
9140;382;260;20/01/2025;0
9140;372;281;22/01/2025;0
7020;60;65;22/01/2025;0
3044;37;83;22/01/2025;0
3042;53;32;22/01/2025;0
3034;122;126;22/01/2025;0
3919;133;154;22/01/2025;0
9944;64;80;22/01/2025;0
3167;92;107;22/01/2025;0
8454;20;20;22/01/2025;0
9723;21;0;22/01/2025;0
6891;150;0;22/01/2025;0
7020;20;0;23/01/2025;0
3037;67;71;23/01/2025;0
3036;29;35;23/01/2025;0
3042;21;6;23/01/2025;0
3044;61;40;23/01/2025;0
6891;615;523;23/01/2025;0
9723;43;55;23/01/2025;0
5537;96;0;23/01/2025;0
1190;39;47;23/01/2025;0
1365;308;170;24/01/2025;0
3036;4;4;24/01/2025;0
3558;39;41;24/01/2025;0
9944;61;61;24/01/2025;0
3044;35;78;24/01/2025;0
3041;58;49;24/01/2025;0
1190;35;41;24/01/2025;0
7467;38;38;24/01/2025;0
3035;49;83;24/01/2025;0
9875;62;62;24/01/2025;0
9140;173;10;24/01/2025;0
3042;49;32;24/01/2025;0
6891;312;325;24/01/2025;0
1558;60;67;22/01/2025;265474
3047;96;30;22/01/2025;265475
3048;1;17;22/01/2025;265493
3049;55;52;22/01/2025;265473
6110;670;0;22/01/2025;265500
300;40;66;24/01/2025;265684
1318;26;31;24/01/2025;265666
1443;40;30;24/01/2025;246853
2036;45;19;24/01/2025;265640
3050;93;166;24/01/2025;265640
3052;74;64;24/01/2025;260715
5498;59;52;24/01/2025;246782
6602;80;74;24/01/2025;246805
6603;55;50;24/01/2025;265613
1558;10;39;24/01/2025;265495
3047;82;64;24/01/2025;265496
3048;29;7;24/01/2025;265498
3049;46;75;24/01/2025;265494
3053;4;6;24/01/2025;265497
6110;105;0;24/01/2025;265499
1765;6;5;24/01/2025;0
3720;8;8;24/01/2025;0
5174;97;13;24/01/2025;0
6733;6;18;24/01/2025;0
9805;37;28;24/01/2025;0
9816;37;23;24/01/2025;0
9842;0;15;24/01/2025;0
9851;37;58;24/01/2025;0
9856;0;7;24/01/2025;0
6628;13;0;24/01/2025;0
6641;7;26;24/01/2025;0
6682;3;27;24/01/2025;0
9826;8;27;24/01/2025;0
9832;40;40;24/01/2025;0
9837;0;66;24/01/2025;0
9839;0;21;24/01/2025;0
3004;58;320;25/01/2025;0
9835;12;6;25/01/2025;0
300;180;56;25/01/2025;265685
1318;32;25;25/01/2025;265668
1443;15;0;25/01/2025;246854
2036;27;0;25/01/2025;265615
3050;174;103;25/01/2025;265641
3052;148;97;25/01/2025;260716
5498;123;100;25/01/2025;246783
1558;45;21;25/01/2025;246827
3047;167;141;25/01/2025;246828
3049;67;31;25/01/2025;246826
6625;5;22;27/01/2025;0
6626;6;6;27/01/2025;0
6627;8;13;27/01/2025;0
9803;18;23;27/01/2025;0
9805;31;56;27/01/2025;0
9811;0;93;27/01/2025;0
9813;0;11;27/01/2025;0
9816;35;30;27/01/2025;0
9827;6;4;27/01/2025;0
9842;10;25;27/01/2025;0
9851;29;12;27/01/2025;0
6628;19;13;27/01/2025;0
6639;12;12;27/01/2025;0
6681;13;14;27/01/2025;0
9810;8;8;27/01/2025;0
9826;17;17;27/01/2025;0
9835;14;15;27/01/2025;0
9837;21;48;27/01/2025;0
9839;6;10;27/01/2025;0
5499;43;28;27/01/2025;0
5780;12;12;27/01/2025;0
6636;32;61;27/01/2025;0
300;0;94;27/01/2025;265686
1318;27;34;27/01/2025;265669
1443;35;25;27/01/2025;246855
2036;17;33;27/01/2025;265670
3050;133;175;27/01/2025;265642
3052;96;100;27/01/2025;260717
5498;81;14;27/01/2025;246784
6602;45;25;27/01/2025;246806
6603;35;75;27/01/2025;265616
1364;2;0;25/01/2025;0
1190;37;41;25/01/2025;0
3034;97;138;25/01/2025;0
3037;79;80;25/01/2025;0
3038;91;91;25/01/2025;0
9723;1;45;25/01/2025;0
9944;16;120;25/01/2025;0
3036;17;25;27/01/2025;0
3035;65;55;27/01/2025;0
3558;36;44;27/01/2025;0
1190;46;46;27/01/2025;0
1365;55;305;27/01/2025;0
3042;22;39;27/01/2025;0
5537;60;56;27/01/2025;0
8454;12;0;27/01/2025;0
9140;0;128;23/01/2025;0
9140;0;312;25/01/2025;0
9140;15;8;27/01/2025;0
3044;70;78;27/01/2025;0
8454;36;0;24/01/2025;0
3167;72;80;27/01/2025;0
7020;60;60;27/01/2025;0
6891;202;0;27/01/2025;0
6893;9;0;27/01/2025;0
7467;140;140;27/01/2025;0
9874;34;37;27/01/2025;0
9723;57;0;27/01/2025;0
9952;29;14;28/01/2025;0
1190;42;47;28/01/2025;0
6805;14;14;28/01/2025;0
9875;87;87;28/01/2025;0
3036;18;23;28/01/2025;0
3041;0;60;15/01/2025;0
3041;0;78;22/01/2025;0
3041;60;52;28/01/2025;0
3558;31;31;28/01/2025;0
8454;21;7;28/01/2025;0
9874;37;33;28/01/2025;0
9944;0;45;23/01/2025;0
9944;41;35;27/01/2025;0
9944;33;33;28/01/2025;0
1364;9;0;28/01/2025;0
700;8;6;28/01/2025;0
1765;12;12;28/01/2025;0
3720;11;11;28/01/2025;0
6488;7;21;28/01/2025;0
9474;26;26;28/01/2025;0
9801;15;28;28/01/2025;0
9817;0;30;28/01/2025;0
3032;9;14;28/01/2025;0
9814;24;22;28/01/2025;0
9837;49;54;28/01/2025;0
9839;5;17;28/01/2025;0
9495;34;47;28/01/2025;0
1558;55;0;27/01/2025;246829
3047;117;0;27/01/2025;246830
3048;13;9;27/01/2025;246832
3049;55;85;27/01/2025;246831
1558;65;80;29/01/2025;246834
3047;111;109;29/01/2025;246835
3048;20;16;29/01/2025;246836
3049;54;54;29/01/2025;246833
6110;120;252;29/01/2025;246837
7327;3;3;29/01/2025;246838
300;90;75;29/01/2025;265687
1318;30;25;29/01/2025;265671
1443;23;0;29/01/2025;246856
2036;9;35;29/01/2025;246785
3052;94;180;29/01/2025;260718
5498;82;75;29/01/2025;246785
6602;35;58;29/01/2025;246807
6603;45;61;29/01/2025;265617
3042;45;62;28/01/2025;0
3042;18;18;28/01/2025;0
3042;57;69;29/01/2025;0
1365;36;183;29/01/2025;0
3034;121;116;29/01/2025;0
3035;62;65;29/01/2025;0
3041;60;88;29/01/2025;0
3044;35;95;29/01/2025;0
3167;89;137;29/01/2025;0
6891;57;307;29/01/2025;0
9140;340;181;27/01/2025;0
9140;0;208;28/01/2025;0
9140;376;186;29/01/2025;0
9944;12;0;29/01/2025;0
9723;9;44;29/01/2025;0
5174;0;42;29/01/2025;0
9805;25;28;29/01/2025;0
9807;14;1;29/01/2025;0
9816;23;28;29/01/2025;0
9817;12;12;29/01/2025;0
9824;8;2;29/01/2025;0
9851;25;41;29/01/2025;0
6681;19;7;29/01/2025;0
9806;10;48;29/01/2025;0
9826;8;9;29/01/2025;0
9832;26;15;29/01/2025;0
9839;19;0;29/01/2025;0
9848;13;55;29/01/2025;0
7020;46;55;30/01/2025;0
3037;68;68;30/01/2025;0
6891;558;617;30/01/2025;0
5537;28;89;30/01/2025;0
3558;12;28;30/01/2025;0
3042;51;63;30/01/2025;0
3036;32;39;30/01/2025;0
3038;54;54;30/01/2025;0
3044;43;26;30/01/2025;0
9944;23;115;30/01/2025;0
8454;11;11;30/01/2025;0
9723;16;65;30/01/2025;0
1190;37;40;29/01/2025;0
5499;6;18;30/01/2025;0
6636;18;77;30/01/2025;0
9855;10;10;30/01/2025;0
700;3;4;30/01/2025;0
3004;0;182;30/01/2025;0
5174;0;16;30/01/2025;0
6625;2;0;30/01/2025;0
6626;1;1;30/01/2025;0
9801;9;16;30/01/2025;0
9809;7;18;30/01/2025;0
9812;33;53;30/01/2025;0
9815;8;52;30/01/2025;0
9856;8;22;30/01/2025;0
9860;5;13;30/01/2025;0
9808;10;31;30/01/2025;0
9836;1;27;30/01/2025;0
9849;6;31;30/01/2025;0
300;20;70;31/01/2025;0
1318;28;27;31/01/2025;265672
1443;10;20;31/01/2025;0
2036;10;10;31/01/2025;265673
3050;93;175;31/01/2025;265643
3052;65;110;31/01/2025;0
5498;8;75;31/01/2025;246786
6602;20;29;31/01/2025;0
6603;25;0;31/01/2025;265618
1190;23;27;31/01/2025;0
6891;538;254;31/01/2025;0
3035;66;110;31/01/2025;0
1365;135;46;31/01/2025;0
3034;130;100;31/01/2025;0
3038;18;102;31/01/2025;0
3041;47;94;31/01/2025;0
3042;80;59;31/01/2025;0
3044;52;79;31/01/2025;0
3558;26;31;31/01/2025;0
6064;185;95;31/01/2025;0
7020;15;21;31/01/2025;0
8454;25;25;31/01/2025;0
9723;8;26;31/01/2025;0
9874;52;54;31/01/2025;0
9875;76;76;31/01/2025;0
9944;72;22;31/01/2025;0
1558;30;64;31/01/2025;246840
3047;66;275;31/01/2025;246841
3048;27;13;31/01/2025;246843
3049;37;45;31/01/2025;246839
3053;7;5;31/01/2025;246842
6110;15;84;31/01/2025;246844
3004;249;193;31/01/2025;0
300;130;33;01/02/2025;265689
1318;53;15;01/02/2025;265674
1443;40;14;01/02/2025;246858
2036;5;0;01/02/2025;265675
3050;145;48;01/02/2025;265645
3052;138;60;01/02/2025;260720
5498;104;78;01/02/2025;246787
6602;10;0;01/02/2025;246809
6603;10;0;01/02/2025;265619
1765;9;0;31/01/2025;0
3720;14;14;31/01/2025;0
6733;9;14;31/01/2025;0
9805;29;15;31/01/2025;0
9816;25;0;31/01/2025;0
9842;28;40;31/01/2025;0
9851;19;38;31/01/2025;0
6628;8;17;31/01/2025;0
6641;11;14;31/01/2025;0
6682;11;6;31/01/2025;0
9806;12;11;31/01/2025;0
9814;36;29;31/01/2025;0
9826;7;16;31/01/2025;0
9832;34;25;31/01/2025;0
9837;23;30;31/01/2025;0
9839;13;21;31/01/2025;0
9848;34;32;31/01/2025;0
9858;11;20;31/01/2025;0
1558;50;13;01/02/2025;0
3047;132;37;01/02/2025;0
3049;60;33;01/02/2025;0
6110;0;420;01/02/2025;0
300;40;93;03/02/2025;265690
3052;86;104;03/02/2025;260721
5498;71;75;03/02/2025;246788
6636;67;28;03/02/2025;0
3038;84;0;01/02/2025;0
1190;38;41;01/02/2025;0
3037;63;63;01/02/2025;0
500;5;13;01/02/2025;0
8454;40;94;01/02/2025;0
9723;78;112;01/02/2025;0
9140;0;174;30/01/2025;0
9140;0;157;01/02/2025;0
1190;31;28;03/02/2025;0
3167;65;59;03/02/2025;0
6893;8;8;03/02/2025;0
5537;25;56;03/02/2025;0
3558;25;25;03/02/2025;0
3036;20;20;03/02/2025;0
9944;53;23;03/02/2025;0
6064;246;161;03/02/2025;0
7467;125;125;03/02/2025;0
3044;79;62;03/02/2025;0
8454;17;0;03/02/2025;0
1365;170;173;03/02/2025;0
9042;143;157;20/01/2025;0
9042;128;169;03/02/2025;0
6625;10;30;03/02/2025;0
6626;12;12;03/02/2025;0
6627;8;5;03/02/2025;0
9805;30;41;03/02/2025;0
9807;0;11;03/02/2025;0
9816;24;43;03/02/2025;0
9827;4;3;03/02/2025;0
9842;19;34;03/02/2025;0
9851;16;52;03/02/2025;0
9856;14;3;03/02/2025;0
6628;13;10;03/02/2025;0
6639;11;21;03/02/2025;0
6681;6;11;03/02/2025;0
9810;8;7;03/02/2025;0
9826;13;18;03/02/2025;0
9837;78;100;03/02/2025;0
1318;20;27;03/02/2025;246976
1443;30;80;03/02/2025;246859
2036;4;18;03/02/2025;265647
6602;20;53;03/02/2025;246810
6603;40;55;03/02/2025;265620
9875;74;74;04/02/2025;0
3041;74;45;04/02/2025;0
1190;37;36;04/02/2025;0
3036;32;32;04/02/2025;0
3042;13;44;04/02/2025;0
3558;45;45;04/02/2025;0
6805;11;11;04/02/2025;0
7020;75;12;04/02/2025;0
8454;34;0;04/02/2025;0
9944;86;47;04/02/2025;0
9952;33;54;04/02/2025;0
700;3;5;04/02/2025;0
1765;3;23;04/02/2025;0
6488;10;11;04/02/2025;0
9474;37;37;04/02/2025;0
9801;11;0;04/02/2025;0
9812;26;26;04/02/2025;0
9815;11;5;04/02/2025;0
9817;19;26;04/02/2025;0
9860;9;17;04/02/2025;0
3032;9;15;04/02/2025;0
9808;17;17;04/02/2025;0
9832;22;40;04/02/2025;0
9849;14;14;04/02/2025;0
9495;32;38;04/02/2025;0
1558;55;0;03/02/2025;246850
3047;85;107;03/02/2025;246876
3048;15;41;03/02/2025;246877
3049;55;71;03/02/2025;246849
300;50;83;05/02/2025;265691
1318;30;34;05/02/2025;246977
1443;22;0;05/02/2025;246860
2036;21;0;05/02/2025;246978
3050;91;190;05/02/2025;265646
3052;87;135;05/02/2025;260722
5498;63;100;05/02/2025;246811
6602;50;20;05/02/2025;246811
6603;30;0;05/02/2025;265621
1190;48;63;05/02/2025;0
3034;105;138;05/02/2025;0
3042;40;36;05/02/2025;0
1365;9;135;05/02/2025;0
3041;69;88;05/02/2025;0
3035;70;66;05/02/2025;0
3919;6;253;31/01/2025;0
3919;100;113;05/02/2025;0
9944;25;110;05/02/2025;0
9723;15;22;05/02/2025;0
6064;275;210;05/02/2025;0
7020;3;10;05/02/2025;0
3044;87;78;05/02/2025;0
9803;22;86;05/02/2025;0
9805;31;41;05/02/2025;0
9807;11;13;05/02/2025;0
9812;37;37;05/02/2025;0
9816;11;34;05/02/2025;0
9842;30;23;05/02/2025;0
9847;0;28;05/02/2025;0
9851;14;40;05/02/2025;0
9814;24;17;05/02/2025;0
9826;19;14;05/02/2025;0
9837;17;21;05/02/2025;0
9839;28;18;05/02/2025;0
3167;83;110;05/02/2025;0
6805;6;6;06/02/2025;0
3036;39;41;06/02/2025;0
3038;34;36;06/02/2025;0
3042;58;46;06/02/2025;0
3558;33;33;06/02/2025;0
5537;44;38;06/02/2025;0
6891;275;144;06/02/2025;0
8454;45;0;06/02/2025;0
9874;31;48;06/02/2025;0
9944;88;39;06/02/2025;0
1558;10;84;05/02/2025;246879
3047;85;133;05/02/2025;246880
3049;57;51;05/02/2025;246878
6110;160;224;05/02/2025;246881
3004;146;419;05/02/2025;0
5499;15;23;06/02/2025;0
6633;24;35;06/02/2025;0
6636;59;88;06/02/2025;0
6703;25;45;06/02/2025;0
9855;11;11;06/02/2025;0
700;12;11;06/02/2025;0
5174;36;73;06/02/2025;0
6488;22;12;06/02/2025;0
6625;18;12;06/02/2025;0
6626;21;21;06/02/2025;0
9801;18;16;06/02/2025;0
9809;12;1;06/02/2025;0
9811;18;55;06/02/2025;0
9815;24;29;06/02/2025;0
9817;17;18;06/02/2025;0
9818;5;0;06/02/2025;0
9824;7;9;06/02/2025;0
9846;5;6;06/02/2025;0
9856;13;15;06/02/2025;0
9860;12;6;06/02/2025;0
3032;21;16;06/02/2025;0
6639;10;0;06/02/2025;0
6681;8;8;06/02/2025;0
9806;16;16;06/02/2025;0
9808;20;19;06/02/2025;0
9836;15;3;06/02/2025;0
9849;6;7;06/02/2025;0
9858;9;5;06/02/2025;0
300;30;90;07/02/2025;265692
1318;24;44;07/02/2025;0
3050;66;102;07/02/2025;265648
3052;67;145;07/02/2025;260723
5498;24;150;07/02/2025;246791
6602;21;43;07/02/2025;246812
6603;30;0;07/02/2025;0
3047;34;110;07/02/2025;0
3048;21;18;07/02/2025;0
3049;32;44;07/02/2025;0
3053;6;9;07/02/2025;0
3004;169;266;07/02/2025;0
300;65;35;08/02/2025;265693
1318;31;10;08/02/2025;246980
2036;13;36;08/02/2025;246981
3050;125;62;08/02/2025;265649
3052;132;55;08/02/2025;260724
5498;74;66;08/02/2025;246792
1765;13;4;07/02/2025;0
6640;11;11;07/02/2025;0
6733;9;11;07/02/2025;0
9803;26;23;07/02/2025;0
9805;30;9;07/02/2025;0
9816;17;21;07/02/2025;0
9842;32;29;07/02/2025;0
9847;15;4;07/02/2025;0
9851;30;3;07/02/2025;0
3031;7;7;07/02/2025;0
6628;8;13;07/02/2025;0
6641;10;10;07/02/2025;0
6682;9;6;07/02/2025;0
9814;17;17;07/02/2025;0
9826;11;16;07/02/2025;0
9832;30;26;07/02/2025;0
9837;60;79;07/02/2025;0
9839;10;17;07/02/2025;0
9848;15;47;07/02/2025;0
1558;5;96;08/02/2025;0
3047;108;79;08/02/2025;0
3049;59;33;08/02/2025;0
6110;0;280;08/02/2025;0
300;40;66;10/02/2025;265694
1318;26;40;10/02/2025;246982
3052;122;120;10/02/2025;0
5498;70;109;10/02/2025;246793
6602;16;25;10/02/2025;246813
6603;36;0;10/02/2025;265623
6625;10;11;10/02/2025;0
6626;9;9;10/02/2025;0
6627;16;17;10/02/2025;0
9805;29;32;10/02/2025;0
9813;13;12;10/02/2025;0
9816;20;21;10/02/2025;0
9827;6;2;10/02/2025;0
9842;19;32;10/02/2025;0
9845;7;19;10/02/2025;0
9851;30;26;10/02/2025;0
9856;12;11;10/02/2025;0
6628;21;8;10/02/2025;0
6681;6;18;10/02/2025;0
9810;8;8;10/02/2025;0
9837;72;73;10/02/2025;0
9839;16;21;10/02/2025;0
1364;19;38;07/02/2025;0
3919;14;21;07/02/2025;0
9875;55;55;07/02/2025;0
3035;13;63;07/02/2025;0
3041;75;49;07/02/2025;0
9140;0;101;06/02/2025;0
9140;0;128;04/02/2025;0
9140;315;192;07/02/2025;0
8454;35;20;07/02/2025;0
3042;40;83;07/02/2025;0
3558;26;27;07/02/2025;0
9874;38;33;07/02/2025;0
1190;31;31;07/02/2025;0
9723;48;127;07/02/2025;0
1364;4;66;08/02/2025;0
3034;108;119;08/02/2025;0
3037;33;41;08/02/2025;0
3038;65;65;08/02/2025;0
3167;25;13;08/02/2025;0
6891;75;494;08/02/2025;0
7020;38;53;08/02/2025;0
9723;81;0;08/02/2025;0
1190;33;33;08/02/2025;0
3035;66;20;10/02/2025;0
3044;93;75;10/02/2025;0
3167;57;61;10/02/2025;0
3558;29;29;10/02/2025;0
5537;53;63;10/02/2025;0
1365;25;91;10/02/2025;0
7467;84;84;10/02/2025;0
8454;8;21;10/02/2025;0
9944;0;128;08/02/2025;0
9944;1;1;10/02/2025;0
6893;9;9;10/02/2025;0
9042;132;146;10/02/2025;0
9140;0;168;08/02/2025;0
9140;281;182;10/02/2025;0
1190;44;48;11/02/2025;0
9944;69;44;11/02/2025;0
8454;14;0;11/02/2025;0
3041;11;54;11/02/2025;0
3037;51;51;11/02/2025;0
3036;32;35;11/02/2025;0
3038;36;36;11/02/2025;0
3042;34;25;11/02/2025;0
3558;19;22;11/02/2025;0
7020;9;9;11/02/2025;0
9874;36;39;11/02/2025;0
9875;36;38;11/02/2025;0
9952;0;38;06/02/2025;0
9952;35;32;11/02/2025;0
1765;6;9;11/02/2025;0
5174;27;40;11/02/2025;0
6488;10;15;11/02/2025;0
9801;7;15;11/02/2025;0
9815;11;15;11/02/2025;0
9817;21;22;11/02/2025;0
9823;8;5;11/02/2025;0
9840;8;0;11/02/2025;0
9860;11;10;11/02/2025;0
3031;4;4;11/02/2025;0
3032;12;12;11/02/2025;0
6628;0;13;11/02/2025;0
9806;16;15;11/02/2025;0
9808;21;44;11/02/2025;0
9832;32;38;11/02/2025;0
9848;21;18;11/02/2025;0
9849;19;16;11/02/2025;0
1558;30;27;10/02/2025;0
3047;91;92;10/02/2025;0
3048;21;24;10/02/2025;0
3049;61;77;10/02/2025;0
6110;65;0;10/02/2025;0
7327;1;1;10/02/2025;0
5780;10;10;10/02/2025;0
6636;37;42;10/02/2025;0
300;65;67;12/02/2025;265695
1318;26;36;12/02/2025;246983
1443;32;54;12/02/2025;246861
3052;124;138;12/02/2025;246951
5498;71;63;12/02/2025;246794
6603;45;25;12/02/2025;265624
1364;18;25;12/02/2025;0
1365;92;131;12/02/2025;0
3034;130;120;12/02/2025;0
3035;68;70;12/02/2025;0
3041;24;48;12/02/2025;0
3042;60;88;12/02/2025;0
3044;90;90;12/02/2025;0
3167;81;105;12/02/2025;0
3919;110;139;12/02/2025;0
9140;0;103;11/02/2025;0
6064;234;160;12/02/2025;0
7020;52;63;12/02/2025;0
8454;12;90;12/02/2025;0
9944;24;24;12/02/2025;0
9803;30;27;12/02/2025;0
9805;26;31;12/02/2025;0
9816;21;30;12/02/2025;0
9818;5;4;12/02/2025;0
9834;11;8;12/02/2025;0
9842;23;19;12/02/2025;0
9846;6;6;12/02/2025;0
9851;15;37;12/02/2025;0
3026;8;8;12/02/2025;0
3027;6;6;12/02/2025;0
9814;8;31;12/02/2025;0
9826;13;22;12/02/2025;0
9837;15;45;12/02/2025;0
9839;19;14;12/02/2025;0
6805;10;10;13/02/2025;0
1190;39;42;12/02/2025;0
5537;34;132;13/02/2025;0
3036;35;39;13/02/2025;0
3038;39;39;13/02/2025;0
3042;59;81;13/02/2025;0
6891;105;302;13/02/2025;0
8454;21;18;13/02/2025;0
9944;65;65;13/02/2025;0
1558;45;53;12/02/2025;0
3047;94;80;12/02/2025;0
3049;61;41;12/02/2025;0
6110;65;168;12/02/2025;0
5499;19;25;13/02/2025;0
6636;21;32;13/02/2025;0
6488;7;8;13/02/2025;0
6625;9;12;13/02/2025;0
6626;17;17;13/02/2025;0
9801;17;11;13/02/2025;0
9807;12;0;13/02/2025;0
9809;12;17;13/02/2025;0
9812;65;45;13/02/2025;0
9815;19;11;13/02/2025;0
9856;17;14;13/02/2025;0
9860;8;4;13/02/2025;0
3032;12;6;13/02/2025;0
6639;5;15;13/02/2025;0
9806;25;19;13/02/2025;0
9808;19;21;13/02/2025;0
9835;10;14;13/02/2025;0
9836;7;14;13/02/2025;0
9849;32;16;13/02/2025;0
9888;15;23;13/02/2025;0
300;185;75;14/02/2025;265696
1318;47;8;14/02/2025;246984
1443;15;0;14/02/2025;246862
2036;22;24;14/02/2025;246863
3050;185;127;14/02/2025;265650
3052;196;131;14/02/2025;246952
5498;102;73;14/02/2025;246795
6602;60;25;14/02/2025;246815
6603;50;0;14/02/2025;265625
9140;191;105;14/02/2025;0
1190;34;34;14/02/2025;0
3041;65;44;14/02/2025;0
3037;30;30;14/02/2025;0
3558;23;23;14/02/2025;0
3558;24;24;14/02/2025;0
1365;149;189;14/02/2025;0
9875;66;66;14/02/2025;0
3035;13;63;14/02/2025;0
3042;23;52;14/02/2025;0
9723;43;22;14/02/2025;0
8454;74;0;14/02/2025;0
9944;71;21;14/02/2025;0
6891;115;343;14/02/2025;0
3044;64;68;14/02/2025;0
9874;28;33;14/02/2025;0
1765;7;5;14/02/2025;0
3030;10;10;14/02/2025;0
3720;10;10;14/02/2025;0
5174;19;25;14/02/2025;0
6640;13;13;14/02/2025;0
6733;13;11;14/02/2025;0
9803;22;17;14/02/2025;0
9805;34;48;14/02/2025;0
9816;14;17;14/02/2025;0
9842;29;23;14/02/2025;0
9851;14;10;14/02/2025;0
6628;6;8;14/02/2025;0
6641;16;16;14/02/2025;0
6682;12;13;14/02/2025;0
9814;16;7;14/02/2025;0
9826;15;14;14/02/2025;0
9832;21;21;14/02/2025;0
9837;21;26;14/02/2025;0
9839;16;13;14/02/2025;0
9858;7;10;14/02/2025;0
1558;115;29;14/02/2025;0
3047;156;70;14/02/2025;0
3048;33;16;14/02/2025;0
3049;110;36;14/02/2025;0
3053;8;3;14/02/2025;0
6110;65;0;14/02/2025;0
3004;267;311;14/02/2025;0
300;100;122;17/02/2025;246986
1318;17;61;17/02/2025;246985
1443;20;56;17/02/2025;246864
2036;11;0;17/02/2025;246986
3052;78;130;17/02/2025;246953
5498;59;69;17/02/2025;246796
6602;52;52;17/02/2025;246816
6603;30;40;17/02/2025;246901
3030;2;2;17/02/2025;0
6625;12;12;17/02/2025;0
6626;15;15;17/02/2025;0
6627;7;14;17/02/2025;0
9803;22;15;17/02/2025;0
9805;37;42;17/02/2025;0
9807;0;12;17/02/2025;0
9811;16;17;17/02/2025;0
9816;19;16;17/02/2025;0
9827;6;7;17/02/2025;0
9842;24;29;17/02/2025;0
9845;8;7;17/02/2025;0
9851;21;29;17/02/2025;0
9856;9;14;17/02/2025;0
6628;17;6;17/02/2025;0
6639;10;14;17/02/2025;0
6681;10;7;17/02/2025;0
9810;11;8;17/02/2025;0
9814;12;13;17/02/2025;0
9826;17;15;17/02/2025;0
9837;35;44;17/02/2025;0
9839;14;13;17/02/2025;0
9849;0;35;17/02/2025;0
5499;14;15;17/02/2025;0
6636;39;15;17/02/2025;0
3047;88;56;17/02/2025;0
3048;20;27;17/02/2025;0
3049;64;106;17/02/2025;0
6110;100;0;17/02/2025;0
7327;5;5;17/02/2025;0
3004;107;210;17/02/2025;0
700;16;13;18/02/2025;0
1765;11;6;18/02/2025;0
5174;44;26;18/02/2025;0
6488;5;13;18/02/2025;0
9801;14;27;18/02/2025;0
9812;40;74;18/02/2025;0
9813;6;13;18/02/2025;0
9815;18;25;18/02/2025;0
9817;16;14;18/02/2025;0
9847;6;11;18/02/2025;0
9860;12;19;18/02/2025;0
3031;9;9;18/02/2025;0
3032;17;15;18/02/2025;0
9806;9;32;18/02/2025;0
9808;14;20;18/02/2025;0
9832;23;23;18/02/2025;0
9848;16;21;18/02/2025;0
9495;22;32;18/02/2025;0
300;60;46;19/02/2025;265698
1318;27;25;19/02/2025;246987
1443;38;30;19/02/2025;246865
3050;75;209;19/02/2025;246926
3052;74;156;19/02/2025;246954
5498;43;30;19/02/2025;246797
6602;25;30;19/02/2025;246817
6603;45;50;19/02/2025;246902
1364;17;0;14/02/2025;0
6064;20;0;14/02/2025;0
3167;0;44;15/02/2025;0
3167;31;0;15/02/2025;0
7020;37;9;15/02/2025;0
9723;59;41;15/02/2025;0
3038;93;93;15/02/2025;0
9140;28;60;15/02/2025;0
3034;104;104;17/02/2025;0
1190;33;33;17/02/2025;0
3035;67;15;17/02/2025;0
3044;85;61;17/02/2025;0
3167;58;0;17/02/2025;0
6891;80;0;17/02/2025;0
3558;28;28;17/02/2025;0
5537;46;54;17/02/2025;0
6893;8;8;17/02/2025;0
7467;132;132;17/02/2025;0
8454;27;27;17/02/2025;0
9042;148;125;17/02/2025;0
9140;175;208;17/02/2025;0
6064;0;196;13/02/2025;0
9874;33;32;17/02/2025;0
9944;40;100;17/02/2025;0
1365;28;102;17/02/2025;0
3036;19;22;18/02/2025;0
3037;44;44;18/02/2025;0
3041;61;57;18/02/2025;0
3042;55;62;19/02/2025;0
3558;33;33;18/02/2025;0
8454;19;0;18/02/2025;0
9875;42;42;18/02/2025;0
9944;39;29;18/02/2025;0
9723;7;0;18/02/2025;0
6064;0;71;18/02/2025;0
1190;31;31;18/02/2025;0
1365;33;84;19/02/2025;0
3034;110;108;19/02/2025;0
3035;62;68;19/02/2025;0
3042;69;129;19/02/2025;0
3044;64;80;19/02/2025;0
3167;78;48;19/02/2025;0
3919;105;228;19/02/2025;0
6064;228;118;19/02/2025;0
7020;58;41;19/02/2025;0
9944;14;21;19/02/2025;0
9952;29;38;19/02/2025;0
3041;51;39;19/02/2025;0
6891;76;0;19/02/2025;0
3036;41;52;20/02/2025;0
3038;8;88;20/02/2025;0
3042;85;65;20/02/2025;0
3558;34;34;20/02/2025;0
5537;54;35;20/02/2025;0
6891;375;592;20/02/2025;0
8454;32;0;20/02/2025;0
9723;6;22;20/02/2025;0
9874;29;0;20/02/2025;0
9803;13;24;19/02/2025;0
9805;23;53;19/02/2025;0
9807;11;11;19/02/2025;0
9811;10;14;19/02/2025;0
9816;13;20;19/02/2025;0
9818;5;7;19/02/2025;0
9842;16;24;19/02/2025;0
9851;15;3;19/02/2025;0
3027;9;9;19/02/2025;0
6681;20;10;19/02/2025;0
9814;8;28;19/02/2025;0
9826;14;16;19/02/2025;0
9837;45;70;19/02/2025;0
9839;8;16;19/02/2025;0
1558;15;10;19/02/2025;172190
3047;88;79;19/02/2025;172191
3048;20;32;19/02/2025;172192
3049;55;66;19/02/2025;172189
6110;111;168;19/02/2025;172193
5174;17;41;20/02/2025;0
6625;10;13;20/02/2025;0
6626;4;4;20/02/2025;0
9801;23;2;20/02/2025;0
9805;0;11;20/02/2025;0
9809;17;12;20/02/2025;0
9812;61;47;20/02/2025;0
9815;23;12;20/02/2025;0
9817;6;3;20/02/2025;0
9856;19;10;20/02/2025;0
3026;6;6;20/02/2025;0
3029;10;10;20/02/2025;0
6639;8;10;20/02/2025;0
9808;8;18;20/02/2025;0
9835;7;9;20/02/2025;0
9836;12;7;20/02/2025;0
9849;23;42;20/02/2025;0
9888;9;17;20/02/2025;0
9495;27;21;20/02/2025;0
300;60;42;21/02/2025;265699
1318;54;40;21/02/2025;246988
1443;40;24;21/02/2025;246866
3050;165;65;21/02/2025;246927
3052;106;85;21/02/2025;246955
5498;102;100;21/02/2025;246798
6602;40;60;21/02/2025;246818
6603;50;30;21/02/2025;246903
1190;35;30;21/02/2025;0
1365;189;72;21/02/2025;0
3037;46;46;21/02/2025;0
3041;50;53;21/02/2025;0
3044;52;75;21/02/2025;0
3558;30;30;21/02/2025;0
6064;0;71;20/02/2025;0
6064;174;106;21/02/2025;0
6891;336;97;21/02/2025;0
8454;30;24;21/02/2025;0
9140;6;6;21/02/2025;0
9723;76;22;21/02/2025;0
9874;33;18;21/02/2025;0
9875;63;63;21/02/2025;0
5499;18;16;20/02/2025;0
6636;18;39;20/02/2025;0
1765;6;12;21/02/2025;0
3030;9;9;21/02/2025;0
6640;9;9;21/02/2025;0
6733;18;11;21/02/2025;0
9803;22;10;21/02/2025;0
9805;31;24;21/02/2025;0
9816;13;18;21/02/2025;0
9842;20;17;21/02/2025;0
9847;10;7;21/02/2025;0
9851;26;20;21/02/2025;0
6628;7;16;21/02/2025;0
6641;13;13;21/02/2025;0
6682;11;7;21/02/2025;0
9814;15;7;21/02/2025;0
9826;13;12;21/02/2025;0
9832;24;27;21/02/2025;0
9837;40;37;21/02/2025;0
9839;11;12;21/02/2025;0
9848;18;17;21/02/2025;0
1558;25;135;21/02/2025;0
3047;136;194;21/02/2025;0
3049;79;72;21/02/2025;0
6110;30;0;21/02/2025;0
7327;3;3;21/02/2025;0
3004;318;131;21/02/2025;0
5780;6;6;24/02/2025;0
6636;66;4;24/02/2025;0
300;70;119;24/02/2025;265700
1318;28;53;24/02/2025;246989
1443;38;35;24/02/2025;246867
3050;78;139;24/02/2025;246928
3052;55;75;24/02/2025;246956
5498;56;70;24/02/2025;246799
6602;25;0;24/02/2025;246819
6603;25;28;24/02/2025;246904
6625;12;14;24/02/2025;0
6626;14;14;24/02/2025;0
6627;12;10;24/02/2025;0
9803;26;21;24/02/2025;0
9805;32;45;24/02/2025;0
9811;12;29;24/02/2025;0
9816;32;18;24/02/2025;0
9842;19;14;24/02/2025;0
9851;18;29;24/02/2025;0
9856;11;15;24/02/2025;0
6628;25;8;24/02/2025;0
6639;0;8;24/02/2025;0
6681;3;15;24/02/2025;0
9806;12;20;24/02/2025;0
9810;10;11;24/02/2025;0
9814;21;15;24/02/2025;0
9826;15;11;24/02/2025;0
9837;44;64;24/02/2025;0
3047;57;171;24/02/2025;172208
3048;13;20;24/02/2025;172209
3049;28;91;24/02/2025;172207
6110;20;0;24/02/2025;172210
3034;95;95;22/02/2025;0
3038;80;0;22/02/2025;0
3167;0;116;20/02/2025;0
3167;36;46;22/02/2025;0
6891;133;0;22/02/2025;0
7020;75;147;22/02/2025;0
9875;21;21;22/02/2025;0
500;7;7;22/02/2025;0
1190;26;34;24/02/2025;0
1365;43;99;24/02/2025;0
3035;50;68;24/02/2025;0
3044;88;88;24/02/2025;0
3167;57;98;24/02/2025;0
3558;32;32;24/02/2025;0
5537;64;92;24/02/2025;0
6891;104;0;24/02/2025;0
6893;11;11;24/02/2025;0
7467;115;115;24/02/2025;0
8454;36;23;24/02/2025;0
9944;180;142;24/02/2025;0
9140;0;39;22/02/2025;0
9140;217;214;24/02/2025;0
1765;8;6;25/02/2025;0
5174;35;35;25/02/2025;0
6488;14;3;25/02/2025;0
9812;38;38;25/02/2025;0
9813;11;9;25/02/2025;0
9815;12;14;25/02/2025;0
9817;14;8;25/02/2025;0
9847;10;0;25/02/2025;0
9860;5;13;25/02/2025;0
3032;15;15;25/02/2025;0
9808;21;9;25/02/2025;0
9832;35;35;25/02/2025;0
9848;16;17;25/02/2025;0
9849;18;23;25/02/2025;0
9858;15;15;25/02/2025;0
9495;22;28;25/02/2025;0
3004;77;0;25/02/2025;0
300;65;38;26/02/2025;172326
1318;33;14;26/02/2025;246990
1443;18;32;26/02/2025;246868
3050;63;77;26/02/2025;246929
3052;61;93;26/02/2025;246957
5498;51;120;26/02/2025;246800
6602;42;50;26/02/2025;246820
6603;45;70;26/02/2025;246905
6064;9;0;24/02/2025;0
1364;5;0;24/02/2025;0
9723;3;0;24/02/2025;0
1190;30;30;25/02/2025;0
3036;22;27;25/02/2025;0
3037;23;23;25/02/2025;0
3041;75;44;25/02/2025;0
3042;22;39;25/02/2025;0
3558;33;33;25/02/2025;0
9723;10;26;25/02/2025;0
9874;34;38;25/02/2025;0
9875;59;59;25/02/2025;0
9944;0;37;25/02/2025;0
9803;15;25;26/02/2025;0
9805;34;13;26/02/2025;0
9807;8;0;26/02/2025;0
9818;5;5;26/02/2025;0
9824;7;8;26/02/2025;0
9834;5;0;26/02/2025;0
9842;28;21;26/02/2025;0
9846;4;5;26/02/2025;0
9851;16;25;26/02/2025;0
6681;10;7;26/02/2025;0
9814;11;18;26/02/2025;0
9826;10;10;26/02/2025;0
9837;33;44;26/02/2025;0
9839;15;21;26/02/2025;0
3047;69;63;26/02/2025;172214
3048;12;10;26/02/2025;172215
3049;49;30;26/02/2025;172213
6110;185;306;26/02/2025;172212
5499;16;22;27/02/2025;0
6636;47;32;27/02/2025;0
3004;106;122;27/02/2025;0
5174;71;10;27/02/2025;0
6625;9;6;27/02/2025;0
9811;13;1;27/02/2025;0
9812;16;16;27/02/2025;0
6626;7;7;27/02/2025;0
9856;9;13;27/02/2025;0
700;4;4;27/02/2025;0
6639;1;0;27/02/2025;0
9806;7;11;27/02/2025;0
9808;26;20;27/02/2025;0
9849;12;44;27/02/2025;0
9495;34;19;27/02/2025;0
300;153;48;28/02/2025;172327
1318;82;30;28/02/2025;246991
1443;35;26;28/02/2025;246869
3050;169;58;28/02/2025;246930
3052;137;72;28/02/2025;246958
5498;116;70;28/02/2025;172351
6602;55;16;28/02/2025;246821
6603;50;37;28/02/2025;246906
1190;22;22;27/02/2025;0
3036;35;39;27/02/2025;0
3037;31;31;27/02/2025;0
3038;69;159;27/02/2025;0
3042;59;62;27/02/2025;0
3558;58;58;27/02/2025;0
5537;78;40;27/02/2025;0
6805;10;10;27/02/2025;0
6891;100;0;27/02/2025;0
8454;46;21;27/02/2025;0
9723;70;54;27/02/2025;0
9874;20;28;27/02/2025;0
9944;73;73;27/02/2025;0
1190;38;38;28/02/2025;0
1365;71;105;28/02/2025;0
3036;5;5;28/02/2025;0
3037;7;7;28/02/2025;0
3041;76;48;28/02/2025;0
3044;72;78;28/02/2025;0
3558;6;6;28/02/2025;0
6064;353;222;28/02/2025;0
7020;0;33;27/02/2025;0
7020;28;28;28/02/2025;0
8454;13;37;28/02/2025;0
9874;35;48;28/02/2025;0
9875;54;54;28/02/2025;0
9944;59;0;28/02/2025;0
1765;3;7;28/02/2025;0
6640;8;8;28/02/2025;0
6733;10;15;28/02/2025;0
9803;17;12;28/02/2025;0
9805;37;38;28/02/2025;0
9816;45;21;28/02/2025;0
9818;7;7;28/02/2025;0
9842;22;8;28/02/2025;0
9851;30;28;28/02/2025;0
9860;7;10;28/02/2025;0
9801;0;29;01/03/2025;0
9803;17;16;01/03/2025;0
9805;38;32;01/03/2025;0
9815;21;17;01/03/2025;0
9816;21;36;01/03/2025;0
9851;30;16;01/03/2025;0
6639;7;3;01/03/2025;0
6628;4;4;28/02/2025;0
6641;18;18;28/02/2025;0
6682;8;16;28/02/2025;0
9814;15;9;28/02/2025;0
9826;31;18;28/02/2025;0
9832;36;18;28/02/2025;0
9837;90;75;28/02/2025;0
9839;18;12;28/02/2025;0
9858;11;17;28/02/2025;0
1558;140;84;28/02/2025;172217
3047;131;62;28/02/2025;172218
3048;16;13;28/02/2025;172220
3049;82;44;28/02/2025;172216
3053;4;9;28/02/2025;172219
6110;45;0;28/02/2025;172221
5499;15;12;03/03/2025;0
6636;14;56;03/03/2025;0
300;80;104;03/03/2025;172328
1318;15;50;03/03/2025;246992
1443;51;37;03/03/2025;246870
3050;121;194;03/03/2025;246931
3052;122;123;03/03/2025;246959
5498;92;150;03/03/2025;172352
6602;20;0;03/03/2025;246822
6603;20;77;03/03/2025;246907
1765;10;6;03/03/2025;0
6488;3;2;03/03/2025;0
6625;5;15;03/03/2025;0
6626;2;2;03/03/2025;0
6627;5;12;03/03/2025;0
9856;18;7;03/03/2025;0
6628;12;14;03/03/2025;0
6639;3;6;03/03/2025;0
6681;5;10;03/03/2025;0
9832;36;36;03/03/2025;0
9837;16;51;03/03/2025;0
9839;10;22;03/03/2025;0
1558;50;18;03/03/2025;0
3047;118;131;03/03/2025;0
3049;50;49;03/03/2025;0
6110;71;1;03/03/2025;0
1190;25;25;01/03/2025;0
3034;47;0;01/03/2025;0
3038;70;0;01/03/2025;0
3167;20;35;01/03/2025;0
1190;33;33;03/03/2025;0
1365;18;90;03/03/2025;0
3035;57;69;03/03/2025;0
3036;18;28;03/03/2025;0
3041;53;76;03/03/2025;0
3044;88;69;03/03/2025;0
3167;45;0;03/03/2025;0
3558;64;52;03/03/2025;0
6064;0;152;01/03/2025;0
6064;174;87;03/03/2025;0
6805;4;4;03/03/2025;0
6893;6;12;03/03/2025;0
7467;94;94;03/03/2025;0
8454;20;0;03/03/2025;0
9042;117;198;03/03/2025;0
9875;10;10;03/03/2025;0
9944;54;91;03/03/2025;0
9803;17;25;05/03/2025;0
9805;39;29;05/03/2025;0
9807;0;8;05/03/2025;0
9816;22;26;05/03/2025;0
9842;22;49;05/03/2025;0
9847;0;11;05/03/2025;0
9851;26;51;05/03/2025;0
6681;8;4;05/03/2025;0
9814;11;24;05/03/2025;0
9826;13;20;05/03/2025;0
9837;37;47;05/03/2025;0
3035;51;43;05/03/2025;163796
1190;32;32;05/03/2025;172322
3034;96;111;05/03/2025;172314
3042;66;33;05/03/2025;163795
3044;76;70;05/03/2025;172321
3167;74;64;05/03/2025;172320
3919;101;112;05/03/2025;172319
5537;63;37;05/03/2025;172318
6805;5;5;05/03/2025;172325
6891;92;210;05/03/2025;172315
9140;197;308;05/03/2025;172317
9723;22;31;05/03/2025;172324
9952;21;41;05/03/2025;172316
1364;10;44;06/03/2025;163771
3036;28;32;06/03/2025;163773
3038;67;67;06/03/2025;163774
3041;16;40;06/03/2025;163800
3558;62;56;06/03/2025;172490
6891;105;0;06/03/2025;163770
8454;26;12;06/03/2025;163772
9723;63;0;06/03/2025;163775
9875;73;73;06/03/2025;163798
9944;0;10;05/03/2025;163797
9944;65;65;06/03/2025;172474
700;4;17;06/03/2025;172735
3004;44;131;06/03/2025;172738
5174;28;63;06/03/2025;172734
6625;8;5;06/03/2025;172737
6626;6;6;06/03/2025;172739
9805;0;22;06/03/2025;172732
9812;36;36;06/03/2025;172733
9815;36;4;06/03/2025;172736
6639;3;5;06/03/2025;172607
9832;0;18;06/03/2025;172609
9836;17;20;06/03/2025;172610
9888;9;0;06/03/2025;172612
9495;65;37;06/03/2025;172608
6110;10;0;05/03/2025;163901
1190;33;33;07/03/2025;163577
1365;147;76;07/03/2025;163580
3041;37;38;07/03/2025;172497
3042;58;62;07/03/2025;163576
3044;28;73;07/03/2025;172496
6891;120;165;07/03/2025;163581
7020;61;57;07/03/2025;163579
8454;4;40;07/03/2025;163578
9140;0;60;06/03/2025;172475
9140;0;93;07/03/2025;163582
9874;20;27;07/03/2025;172498
300;25;124;07/03/2025;172329
1318;44;73;07/03/2025;246993
1443;26;25;07/03/2025;246871
3050;120;120;07/03/2025;246932
3052;96;90;07/03/2025;246960
3052;0;68;07/03/2025;246961
5498;96;100;07/03/2025;172353
6602;32;25;07/03/2025;246823
6603;45;53;07/03/2025;246908
1558;10;63;07/03/2025;163903
3047;108;106;07/03/2025;163904
3049;26;16;07/03/2025;163905
3049;73;51;07/03/2025;163902
6110;92;224;07/03/2025;163906
1765;4;10;07/03/2025;172748
6640;6;6;07/03/2025;172749
6733;4;13;07/03/2025;172743
9805;29;12;07/03/2025;172741
9813;0;13;07/03/2025;172747
9817;0;21;07/03/2025;172746
9842;27;25;07/03/2025;172745
9845;0;8;07/03/2025;172744
9851;17;24;07/03/2025;172742
6628;1;11;07/03/2025;172616
6641;2;2;07/03/2025;172615
6682;5;8;07/03/2025;172617
9837;65;29;07/03/2025;172613
9839;27;10;07/03/2025;172614
500;7;7;08/03/2025;172499
3034;65;79;08/03/2025;163584
3042;0;100;08/03/2025;172500
3167;24;35;08/03/2025;163583
1190;36;30;10/03/2025;163601
1365;20;53;10/03/2025;163613
3035;7;48;10/03/2025;163610
3038;18;18;10/03/2025;163608
3041;78;84;10/03/2025;163611
3044;61;51;10/03/2025;163607
3167;52;43;10/03/2025;163585
3558;37;47;10/03/2025;163586
6064;156;109;10/03/2025;163609
6893;3;3;10/03/2025;163612
7467;126;126;10/03/2025;163606
8454;27;27;10/03/2025;163604
9042;85;111;10/03/2025;163605
9874;31;35;10/03/2025;163603
9944;23;90;10/03/2025;163602
5780;13;13;10/03/2025;0
6636;28;29;10/03/2025;0
300;25;61;10/03/2025;172330
1443;5;30;10/03/2025;246872
3050;45;145;10/03/2025;246934
3052;35;71;10/03/2025;246962
5498;38;50;10/03/2025;172354
6602;55;75;10/03/2025;246824
6603;25;32;10/03/2025;246909
6625;8;8;10/03/2025;163805
6626;9;9;10/03/2025;163808
6627;10;6;10/03/2025;163809
9805;38;43;10/03/2025;163801
9809;0;18;10/03/2025;163810
9811;0;22;10/03/2025;163804
9816;0;29;10/03/2025;163803
9842;24;28;10/03/2025;163806
9851;37;28;10/03/2025;163802
9856;11;26;10/03/2025;163807
6681;5;12;10/03/2025;172621
9808;0;30;10/03/2025;172623
9837;68;67;10/03/2025;172619
9839;14;25;10/03/2025;172620
9848;0;17;10/03/2025;172624
9849;0;3;10/03/2025;172622
9888;0;18;10/03/2025;172618
1558;75;38;10/03/2025;163908
3048;15;15;10/03/2025;163909
3049;41;72;10/03/2025;163907
1190;20;20;11/03/2025;163614
3036;26;26;11/03/2025;163616
3042;12;29;11/03/2025;172260
8454;7;0;11/03/2025;163617
9140;8;83;11/03/2025;163615
9723;19;13;11/03/2025;172257
9875;22;22;11/03/2025;172259
9944;22;52;11/03/2025;172258
700;1;0;11/03/2025;163818
1765;4;0;11/03/2025;163817
5174;0;9;11/03/2025;163812
6488;21;14;11/03/2025;163816
9474;8;8;11/03/2025;163821
9803;0;29;11/03/2025;163822
9812;35;35;11/03/2025;163820
9816;12;0;11/03/2025;163815
9823;0;9;11/03/2025;163813
9840;0;8;11/03/2025;163814
9860;6;9;11/03/2025;163819
3032;10;27;11/03/2025;172625
9806;0;21;11/03/2025;163552
9835;0;7;11/03/2025;163553
9495;17;68;11/03/2025;163551
300;1;28;12/03/2025;172331
1318;22;60;12/03/2025;246995
1443;13;36;12/03/2025;246873
3050;56;40;12/03/2025;246935
3052;28;32;12/03/2025;246963
5498;36;50;12/03/2025;172355
6602;47;43;12/03/2025;246825
6603;50;39;12/03/2025;246910
1558;10;26;12/03/2025;163912
3047;48;115;12/03/2025;163913
3048;12;23;12/03/2025;163914
3049;35;35;12/03/2025;163911
9803;28;2;12/03/2025;163827
9805;35;41;12/03/2025;163824
9816;15;4;12/03/2025;163826
9818;0;10;12/03/2025;163830
9842;25;23;12/03/2025;163828
9846;0;5;12/03/2025;163829
9851;25;6;12/03/2025;163825
6681;15;12;12/03/2025;163530
9814;23;28;12/03/2025;163529
9826;18;20;12/03/2025;163529
9837;10;35;12/03/2025;163526
9839;17;14;12/03/2025;163527
1190;29;29;12/03/2025;163625
1364;2;0;13/03/2025;172287
3004;134;125;11/03/2025;163910
3034;89;76;12/03/2025;163620
3035;48;31;12/03/2025;163624
3042;15;55;12/03/2025;172262
3044;62;70;12/03/2025;163587
3167;68;51;12/03/2025;163619
3919;77;110;12/03/2025;172264
6891;60;480;12/03/2025;163618
8454;5;56;12/03/2025;163621
9140;200;131;12/03/2025;163622
9723;18;0;12/03/2025;172263
9944;40;0;12/03/2025;172261
9952;27;48;12/03/2025;163623
3036;40;40;13/03/2025;172272
3042;35;142;13/03/2025;172265
3558;34;34;13/03/2025;172268
5537;56;84;13/03/2025;172269
6064;119;49;13/03/2025;163588
8454;7;7;13/03/2025;172267
9723;57;44;13/03/2025;163589
9874;35;35;13/03/2025;172271
9944;39;34;13/03/2025;172266
6633;26;24;13/03/2025;0
6703;13;15;13/03/2025;0
5174;26;30;13/03/2025;163832
6488;2;20;13/03/2025;163836
6625;7;7;13/03/2025;163834
6626;6;6;13/03/2025;163838
6640;8;8;13/03/2025;163839
6733;10;4;13/03/2025;163835
9815;0;42;13/03/2025;163840
9856;18;11;13/03/2025;163837
9860;11;4;13/03/2025;163833
3032;19;10;13/03/2025;163531
6639;8;5;13/03/2025;163532
9888;7;0;13/03/2025;163533
3004;186;0;13/03/2025;163915
1190;26;26;14/03/2025;163592
1364;6;0;14/03/2025;163597
1365;153;140;14/03/2025;163626
3044;34;59;14/03/2025;172250
5537;19;45;14/03/2025;163590
6891;105;0;14/03/2025;163627
7020;50;62;14/03/2025;163595
8454;22;0;14/03/2025;163594
9042;18;49;14/03/2025;163591
9140;0;79;14/03/2025;163598
9875;34;34;14/03/2025;163596
9944;41;36;14/03/2025;163628
300;90;58;14/03/2025;172332
1443;23;0;14/03/2025;246874
3052;69;29;14/03/2025;246964
6602;35;37;14/03/2025;172376
3047;123;45;14/03/2025;163919
3049;23;8;14/03/2025;163920
3049;67;44;14/03/2025;163917
6110;47;0;14/03/2025;163916
7327;2;2;14/03/2025;163918
